nERR-IA@10
0.190378
0.049258
0.867438
0.955899
0.000000
0.209068
0.117556
0.144170
0.000000
0.329577
0.144287
0.040175
0.821826
0.865076
0.233538
0.387541
0.979947
0.000000
0.000000
0.043660
0.000000
0.388546
0.981450
0.090179
0.098813
0.070308
0.990682
0.901792
0.993474
0.000000
0.303603
0.000000
0.361350
0.542327
0.000000
0.360717
0.000000
0.103062
0.934356
0.000000
0.901291
0.483404
0.347336
0.291472
0.200316
0.000000
0.020011
0.000000
0.000000
0.000000
0.314878
nERR-IA@10
0.190378
0.049258
0.811612
0.955899
0.000000
0.209068
0.117556
0.144170
0.000000
0.329577
0.144287
0.040175
0.821826
0.858956
0.232962
0.387541
0.973183
0.000000
0.000000
0.043660
0.542131
0.388546
0.982935
0.000000
0.098813
0.070308
0.990682
0.901792
0.993474
0.120239
0.432860
0.000000
0.442316
0.541826
0.000000
0.360717
0.000000
0.103062
0.934356
0.000000
0.901291
0.483404
0.344302
0.291472
0.200316
0.000000
0.000000
0.772964
0.000000
0.000000
0.344158
nERR-IA@10
0.190378
0.049258
0.873235
0.896782
0.000000
0.214712
0.117556
0.144170
0.000000
0.329577
0.080159
0.040175
0.821826
0.883219
0.220020
0.413851
0.974794
0.000000
0.000000
0.043660
0.542131
0.388546
0.982935
0.103062
0.098813
0.070308
0.990682
0.901792
0.999468
0.120239
0.432860
0.000000
0.362350
0.522502
0.000000
0.360717
0.000000
0.103062
0.934356
0.144287
0.847684
0.483404
0.367053
0.291472
0.200316
0.000000
0.022234
0.772964
0.000000
0.000000
0.346732
nERR-IA@10
0.190378
0.049258
0.867438
0.956901
0.000000
0.209068
0.117556
0.144170
0.000000
0.329577
0.144287
0.040175
0.821826
0.865076
0.233538
0.387541
0.988965
0.000000
0.000000
0.043660
0.542131
0.388546
0.982935
0.000000
0.098813
0.070308
0.990682
0.901792
0.993474
0.450896
0.432860
0.000000
0.452312
0.541826
0.000000
0.360717
0.000000
0.103062
0.934356
0.000000
0.901291
0.483404
0.367053
0.291472
0.200316
0.000000
0.020011
0.772964
0.000000
0.000000
0.353413
nERR-IA@10
0.096191
0.000000
0.867438
0.000000
0.000000
0.211216
0.479777
0.144170
0.000000
0.329577
0.180358
0.040175
0.821826
0.858956
0.233538
0.413662
0.988965
0.000000
0.000000
0.000000
0.542131
0.388546
0.981450
0.180358
0.098813
0.070308
0.990682
0.000000
0.993474
0.450896
0.420836
0.000000
0.442316
0.522502
0.000000
0.360717
0.000000
0.120239
0.934356
0.000000
0.901291
0.483404
0.367053
0.291472
0.200316
0.000000
0.000000
0.761513
0.000000
0.000000
0.323370
nERR-IA@10
0.190378
0.049258
0.886762
0.896782
0.000000
0.214712
0.479777
0.144170
0.124650
0.329577
0.144287
0.212034
0.821826
0.904654
0.220020
0.413851
0.976941
0.000000
0.000000
0.090958
0.542131
0.388546
0.950370
0.103062
0.098813
0.070308
0.990682
0.330657
0.999468
0.000000
0.432860
0.000000
0.362350
0.541826
0.000000
0.816121
0.000000
0.103062
0.934356
0.144287
0.896782
0.538536
0.576997
0.291472
0.200316
0.000000
0.022234
0.480955
0.000000
0.000000
0.358337
nERR-IA@10
0.190378
0.049258
0.886762
0.896782
0.000000
0.214712
0.479777
0.144170
0.124650
0.329577
0.144287
0.212034
0.821826
0.904654
0.220020
0.413851
0.976941
0.000000
0.000000
0.090958
0.542131
0.388546
0.950370
0.103062
0.098813
0.070308
0.990682
0.330657
0.999468
0.000000
0.432860
0.000000
0.362350
0.541826
0.000000
0.816121
0.000000
0.103062
0.934356
0.144287
0.896782
0.538536
0.576997
0.291472
0.200316
0.000000
0.022234
0.480955
0.000000
0.000000
0.358337
