nERR-IA@10
0.266720
0.000000
0.919827
0.184366
0.000000
0.163754
0.138118
0.120728
0.038684
0.159246
0.180358
0.000000
0.222052
0.984062
0.079092
0.573535
0.992346
0.168764
0.000000
0.000000
0.239189
0.485795
0.962152
0.811612
0.182099
0.026366
0.905281
0.480955
0.906300
0.298593
0.721433
0.961911
0.000000
0.143142
0.000000
0.480955
0.333282
0.184366
0.984456
0.180358
0.976941
0.540791
0.292353
0.174883
0.240379
0.000000
0.000000
0.000000
0.000000
0.000000
0.334105
nERR-IA@10
0.266720
0.000000
0.841672
0.184366
0.000000
0.163754
0.138118
0.120728
0.103159
0.159246
0.180358
0.000000
0.235611
0.961911
0.068410
0.572528
0.997419
0.168764
0.000000
0.000000
0.303585
0.485795
0.959334
0.901792
0.181106
0.026366
0.911239
0.330657
0.906300
0.450896
0.264454
0.961911
0.000000
0.143142
0.000000
0.480955
0.342907
0.231889
0.984456
0.721433
0.974794
0.540791
0.297662
0.174883
0.240379
0.000000
0.000000
0.144287
0.000000
0.000000
0.342476
nERR-IA@10
0.266720
0.000000
0.779549
0.276549
0.000000
0.154593
0.219696
0.120728
0.103159
0.177975
0.240478
0.000000
0.235611
0.968352
0.073587
0.600214
0.997419
0.150728
0.000000
0.000000
0.303585
0.485996
0.959334
0.811612
0.181106
0.026366
0.910434
0.841672
0.952392
0.450896
0.805529
0.961911
0.000000
0.161177
0.000000
0.480955
0.342907
0.231889
0.984456
0.120239
0.974794
0.540791
0.315357
0.250264
0.240379
0.000000
0.000000
0.240478
0.000000
0.000000
0.358798
nERR-IA@10
0.229957
0.000000
0.919827
0.184366
0.000000
0.163754
0.219696
0.120728
0.103159
0.177975
0.240478
0.000000
0.211987
0.961911
0.074162
0.572528
0.997419
0.150728
0.080159
0.000000
0.303585
0.485795
0.959334
0.901792
0.181106
0.026366
0.905281
0.841672
0.906300
0.480955
0.264454
0.961911
0.000000
0.161177
0.000000
0.480955
0.342907
0.231889
0.984456
0.721433
0.974794
0.540791
0.315357
0.250264
0.240379
0.000000
0.000000
0.240478
0.000000
0.000000
0.362245
nERR-IA@10
0.170338
0.000000
0.779549
0.000000
0.000000
0.163754
0.219696
0.128873
0.103159
0.177975
0.240478
0.000000
0.211987
0.961911
0.074162
0.599659
0.993402
0.219007
0.000000
0.000000
0.303585
0.486246
0.962152
0.901792
0.180334
0.026366
0.908233
0.000000
0.906300
0.480955
0.264454
0.961911
0.000000
0.148295
0.000000
0.450896
0.342907
0.189376
0.984456
0.180358
0.976941
0.540791
0.315357
0.250264
0.240379
0.000000
0.000000
0.180358
0.000000
0.000000
0.324533
nERR-IA@10
0.266720
0.000000
0.919827
0.202402
0.000000
0.163754
0.138118
0.120728
0.038684
0.000000
0.000000
0.000000
0.235611
0.982577
0.068410
0.573535
0.993152
0.150728
0.000000
0.000000
0.303585
0.485795
0.959334
0.148151
0.182099
0.026366
0.905281
0.330657
0.906300
0.450896
0.264454
0.961911
0.000000
0.000000
0.000000
0.480955
0.342907
0.231889
0.984456
0.240478
0.974794
0.540791
0.315357
0.250264
0.240379
0.000000
0.000000
0.144287
0.000000
0.000000
0.310513
nERR-IA@10
0.266720
0.000000
0.532057
0.276549
0.000000
0.154593
0.219696
0.128873
0.061895
0.177975
0.240478
0.020087
0.235611
0.907428
0.068410
0.599794
0.999468
0.341392
0.000000
0.000000
0.303585
0.485996
0.863465
0.811612
0.181106
0.026366
0.911239
0.000000
0.952392
0.298593
0.807318
0.961911
0.000000
0.161177
0.000000
0.757505
0.342907
0.231889
0.984456
0.144287
0.974794
0.596883
0.464559
0.250264
0.240379
0.000000
0.000000
0.781553
0.000000
0.000000
0.355305
