nERR-IA@10
0.247778
0.088664
0.361200
0.867223
0.000000
0.149869
0.180176
0.371189
0.022105
0.097373
0.897891
0.000000
0.280430
0.995916
0.162704
0.413033
0.987328
0.721433
0.000000
0.000000
0.761513
0.544917
0.541316
0.360717
0.578654
0.232750
0.931851
0.450896
0.866203
0.480955
0.189806
0.997231
0.000000
0.236971
0.000000
0.996600
0.613623
0.120239
0.462920
0.000000
0.961589
0.615929
0.652202
0.140710
0.228933
0.000000
0.000000
0.000000
0.219363
0.000000
0.380604
nERR-IA@10
0.247778
0.088664
0.000000
0.862213
0.248708
0.085885
0.180176
0.371021
0.098001
0.067620
0.897891
0.000000
0.348085
0.975304
0.227046
0.413033
0.868708
0.712630
0.000000
0.000000
0.779549
0.544917
0.549771
0.772964
0.581742
0.227074
0.947883
0.215857
0.866203
0.500995
0.913744
0.997231
0.000000
0.289539
0.062522
0.996600
0.609613
0.180358
0.282561
0.120239
0.551587
0.615929
0.652202
0.138700
0.228933
0.000000
0.000000
0.000000
0.219363
0.000000
0.390777
nERR-IA@10
0.262474
0.073887
0.354168
0.847398
0.103062
0.088748
0.126279
0.371021
0.098001
0.095635
0.859565
0.000000
0.345787
0.987453
0.227621
0.415150
0.868708
0.712630
0.000000
0.000000
0.761513
0.552131
0.549771
0.360717
0.322357
0.202466
0.946881
0.432860
0.888014
0.500995
0.914817
0.998103
0.000000
0.276263
0.062522
0.996600
0.609613
0.144287
0.363222
0.781553
0.842173
0.615929
0.665474
0.138700
0.228933
0.000000
0.000000
0.000000
0.219878
0.000000
0.404267
nERR-IA@10
0.251452
0.088664
0.361200
0.867223
0.246454
0.150339
0.126279
0.371021
0.051579
0.079792
0.895636
0.000000
0.328287
0.975304
0.162704
0.413033
0.903160
0.712630
0.000000
0.000000
0.779549
0.544917
0.549771
0.781553
0.584388
0.268087
0.947883
0.420836
0.866203
0.927557
0.913744
0.997231
0.000000
0.289539
0.062522
0.996600
0.609613
0.180358
0.375746
0.120239
0.551587
0.615929
0.652202
0.138700
0.228933
0.000000
0.000000
0.000000
0.219878
0.000000
0.412166
nERR-IA@10
0.193718
0.063332
0.280772
0.000000
0.248708
0.150339
0.126279
0.371021
0.051579
0.087520
0.897891
0.000000
0.342792
0.975304
0.234257
0.428599
0.912303
0.795509
0.000000
0.000000
0.779549
0.546670
0.541316
0.781553
0.578654
0.208142
0.946881
0.000000
0.866203
0.927557
0.913744
0.997231
0.000000
0.189376
0.000000
0.997544
0.609613
0.080159
0.282561
0.120239
0.551587
0.613089
0.652202
0.138700
0.228933
0.000000
0.000000
0.000000
0.083857
0.000000
0.375906
nERR-IA@10
0.247778
0.088664
0.541075
0.366442
0.240478
0.171770
0.126279
0.371021
0.270791
0.087907
0.895636
0.022319
0.348085
0.915873
0.227621
0.415171
0.893883
0.541075
0.000000
0.291066
0.757505
0.552131
0.540753
0.360717
0.581742
0.199171
0.947883
0.000000
0.888014
0.480955
0.914057
0.998103
0.000000
0.352701
0.000000
0.997231
0.630167
0.144287
0.363222
0.793577
0.970607
0.610238
0.654098
0.138700
0.240379
0.000000
0.000000
0.103062
0.219694
0.000000
0.410039
nERR-IA@10
0.247778
0.088664
0.541075
0.366442
0.240478
0.171770
0.126279
0.371021
0.270791
0.087907
0.895636
0.022319
0.348085
0.915873
0.227621
0.415171
0.893883
0.541075
0.000000
0.291066
0.757505
0.552131
0.540753
0.360717
0.581742
0.199171
0.947883
0.000000
0.888014
0.480955
0.914057
0.994225
0.000000
0.352701
0.000000
0.997231
0.630167
0.144287
0.363222
0.793577
0.970607
0.610238
0.654098
0.138700
0.240379
0.000000
0.000000
0.103062
0.219694
0.000000
0.409961
