nERR-IA@10
0.263524
0.073887
0.342645
0.851907
0.000000
0.090793
0.180176
0.371021
0.022105
0.084526
0.543437
0.000000
0.291759
0.997227
0.159314
0.425118
0.991022
0.450896
0.000000
0.000000
0.779549
0.544917
0.541316
0.360717
0.318497
0.232750
0.931851
0.450896
0.866203
0.480955
0.165328
0.997231
0.000000
0.244700
0.000000
0.992655
0.643703
0.144287
0.446602
0.180358
0.902033
0.613809
0.652202
0.167345
0.225355
0.000000
0.000000
0.000000
0.221425
0.000000
0.364881
nERR-IA@10
0.263524
0.073887
0.000000
0.868350
0.302709
0.139440
0.180176
0.371021
0.051579
0.087520
0.543437
0.000000
0.348226
0.975992
0.225197
0.425388
0.871660
0.446387
0.000000
0.000000
0.779549
0.544917
0.549771
0.781553
0.322357
0.205799
0.946881
0.218362
0.866203
0.500995
0.912312
0.997231
0.000000
0.358963
0.056269
0.992091
0.640093
0.180358
0.230172
0.120239
0.900915
0.613809
0.652202
0.164832
0.225355
0.000000
0.000000
0.000000
0.219878
0.000000
0.383112
nERR-IA@10
0.267197
0.073887
0.370951
0.483460
0.080159
0.140851
0.126279
0.371021
0.098001
0.093316
0.504359
0.000000
0.348085
0.987014
0.225772
0.415150
0.871660
0.716924
0.000000
0.000000
0.779549
0.552131
0.549771
0.360717
0.321276
0.267721
0.947883
0.450896
0.888014
0.500995
0.914567
0.996600
0.000000
0.298844
0.056269
0.992091
0.640093
0.180358
0.359715
0.766523
0.492944
0.613809
0.643987
0.164832
0.222573
0.000000
0.000000
0.000000
0.219878
0.000000
0.387123
nERR-IA@10
0.263524
0.073887
0.342645
0.869155
0.300454
0.090793
0.126279
0.371021
0.051579
0.087520
0.543437
0.000000
0.346209
0.977469
0.152843
0.425118
0.873101
0.450896
0.000000
0.000000
0.786563
0.544917
0.549771
0.793577
0.544378
0.267721
0.937863
0.450896
0.866203
0.927557
0.911239
0.997231
0.000000
0.298844
0.056269
0.992091
0.640093
0.180358
0.366729
0.120239
0.900915
0.613809
0.640827
0.164832
0.225355
0.000000
0.000000
0.000000
0.219878
0.000000
0.406882
nERR-IA@10
0.202903
0.063332
0.336383
0.000000
0.301080
0.103062
0.126279
0.371021
0.051579
0.083173
0.543437
0.000000
0.343888
0.976502
0.221869
0.428599
0.903849
0.795509
0.000000
0.000000
0.779549
0.545811
0.541316
0.781553
0.577882
0.267721
0.937863
0.000000
0.866203
0.927557
0.912312
0.997231
0.000000
0.432860
0.056269
0.994842
0.641698
0.080159
0.230172
0.165328
0.544582
0.611773
0.629451
0.164832
0.222573
0.000000
0.000000
0.000000
0.113413
0.000000
0.377508
nERR-IA@10
0.263524
0.073887
0.544081
0.482458
0.180358
0.237042
0.126279
0.371021
0.270791
0.093316
0.543437
0.028696
0.348226
0.915945
0.227621
0.427351
0.862696
0.541075
0.000000
0.291066
0.757505
0.552131
0.541003
0.360717
0.322357
0.238609
0.946881
0.000000
0.888014
0.480955
0.914057
0.996600
0.000000
0.372705
0.000000
0.996292
0.653328
0.180358
0.359715
0.772964
0.902033
0.605195
0.631347
0.164832
0.225355
0.000000
0.000000
0.090179
0.219878
0.000000
0.400038
nERR-IA@10
0.263524
0.073887
0.544081
0.482458
0.180358
0.237042
0.126279
0.371021
0.270791
0.093316
0.543437
0.028696
0.348226
0.915945
0.227621
0.427351
0.862696
0.541075
0.000000
0.291066
0.757505
0.552131
0.541003
0.360717
0.322357
0.238609
0.946881
0.000000
0.888014
0.480955
0.914057
0.994225
0.000000
0.372705
0.000000
0.996292
0.653328
0.180358
0.359715
0.772964
0.902033
0.605195
0.631347
0.164832
0.225355
0.000000
0.000000
0.090179
0.219878
0.000000
0.399990
