nERR-IA@10
0.270537
0.147774
0.511015
0.802022
0.000000
0.024539
0.136387
0.300563
0.000000
0.071001
0.887513
0.000000
0.186159
0.977688
0.443491
0.447436
0.392145
0.108215
0.000000
0.072767
0.072143
0.346481
0.949744
0.272040
0.555825
0.152262
0.330657
0.330657
0.965400
0.180358
0.180358
0.993474
0.000000
0.278267
0.000000
0.990897
0.587841
0.103062
0.914567
0.180358
0.995728
0.645750
0.560791
0.267063
0.262319
0.000000
0.000000
0.000000
0.028869
0.000000
0.338483
nERR-IA@10
0.270537
0.147774
0.000000
0.802022
0.914817
0.023618
0.136387
0.300563
0.083816
0.058830
0.887513
0.000000
0.198210
0.977062
0.442259
0.447436
0.908233
0.090179
0.000000
0.072767
0.080159
0.346481
0.986388
0.500995
0.555825
0.152262
0.332160
0.189376
0.965400
0.204406
0.772964
0.993474
0.000000
0.476661
0.000000
0.990897
0.589560
0.120239
0.914567
0.180358
0.996292
0.645750
0.560791
0.267063
0.262319
0.000000
0.000000
0.000000
0.029785
0.000000
0.377524
nERR-IA@10
0.276549
0.147774
0.432860
0.825139
0.475802
0.024539
0.154249
0.300563
0.083816
0.058830
0.860191
0.000000
0.198210
0.555541
0.447436
0.468337
0.908233
0.090179
0.000000
0.072767
0.080159
0.345279
0.986388
0.269535
0.555825
0.152262
0.348406
0.405806
0.955756
0.204406
0.781553
0.993474
0.000000
0.356422
0.000000
0.990897
0.591966
0.120239
0.911239
0.240478
0.978193
0.645750
0.356436
0.267063
0.262319
0.000000
0.000000
0.000000
0.036659
0.000000
0.364350
nERR-IA@10
0.270537
0.147774
0.511015
0.786563
0.914817
0.024539
0.154249
0.300563
0.083816
0.071001
0.895135
0.000000
0.180925
0.977062
0.443491
0.447436
0.550334
0.090179
0.103062
0.072767
0.126251
0.348285
0.986388
0.503500
0.555825
0.152262
0.359715
0.405806
0.965400
0.379611
0.772964
0.993474
0.000000
0.338387
0.000000
0.990092
0.589560
0.120239
0.914567
0.180358
0.996292
0.645750
0.356436
0.267063
0.262319
0.000000
0.000000
0.000000
0.028869
0.000000
0.385294
nERR-IA@10
0.209750
0.147774
0.432860
0.000000
0.457910
0.022903
0.150556
0.300563
0.083816
0.056294
0.895135
0.000000
0.201189
0.916942
0.448668
0.470495
0.391832
0.130760
0.000000
0.072767
0.080159
0.346481
0.949744
0.503500
0.555825
0.152262
0.329655
0.000000
0.965400
0.379611
0.772964
0.993474
0.000000
0.194315
0.000000
0.984456
0.589560
0.090179
0.914567
0.180358
0.996292
0.616597
0.356436
0.267063
0.270665
0.000000
0.000000
0.000000
0.023566
0.000000
0.338067
nERR-IA@10
0.270537
0.147774
0.396788
0.822634
0.000000
0.024539
0.150556
0.300563
0.309476
0.058830
0.865076
0.000000
0.198210
0.553850
0.456064
0.468337
0.914567
0.625958
0.000000
0.097022
0.000000
0.345279
0.965400
0.329655
0.555825
0.152262
0.344184
0.000000
0.955756
0.180358
0.766523
0.993474
0.000000
0.356422
0.000000
0.984456
0.601592
0.120239
0.911239
0.360717
0.995728
0.556725
0.515695
0.267063
0.277104
0.000000
0.000000
0.180358
0.065298
0.000000
0.368843
nERR-IA@10
0.270537
0.147774
0.396788
0.822634
0.000000
0.024539
0.150556
0.300563
0.309476
0.058830
0.865076
0.000000
0.198210
0.553850
0.456064
0.468337
0.914567
0.625958
0.000000
0.097022
0.000000
0.345279
0.965400
0.329655
0.555825
0.152262
0.344184
0.000000
0.955756
0.180358
0.766523
0.987462
0.000000
0.356422
0.000000
0.984456
0.601592
0.120239
0.911239
0.360717
0.995728
0.556725
0.515695
0.267063
0.277104
0.000000
0.000000
0.180358
0.065298
0.000000
0.368722
