stemmer qid ndcg n collectionSize
paiceHusk 251 0.000000 8 6542860
paiceHusk 252 0.000000 8 6542860
paiceHusk 253 0.000000 8 6542860
paiceHusk 254 0.000000 8 6542860
paiceHusk 255 0.000000 8 6542860
paiceHusk 256 0.409955 8 6542860
paiceHusk 257 0.000000 8 6542860
paiceHusk 258 0.000000 8 6542860
paiceHusk 259 0.712284 8 6542860
paiceHusk 260 0.000000 8 6542860
paiceHusk 261 0.000000 8 6542860
paiceHusk 262 0.000000 8 6542860
paiceHusk 263 0.000000 8 6542860
paiceHusk 264 0.000000 8 6542860
paiceHusk 265 0.000000 8 6542860
paiceHusk 266 0.409955 8 6542860
paiceHusk 267 0.000000 8 6542860
paiceHusk 268 0.000000 8 6542860
paiceHusk 269 0.000000 8 6542860
paiceHusk 270 0.589788 8 6542860
paiceHusk 271 0.000000 8 6542860
paiceHusk 272 0.000000 8 6542860
paiceHusk 273 0.000000 8 6542860
paiceHusk 274 0.000000 8 6542860
paiceHusk 275 0.000000 8 6542860
paiceHusk 276 0.464800 8 6542860
paiceHusk 277 0.000000 8 6542860
paiceHusk 278 0.000000 8 6542860
paiceHusk 279 0.084997 8 6542860
paiceHusk 280 0.216588 8 6542860
paiceHusk 281 0.115732 8 6542860
paiceHusk 282 0.000000 8 6542860
paiceHusk 283 0.649763 8 6542860
paiceHusk 284 0.854740 8 6542860
paiceHusk 285 0.000000 8 6542860
paiceHusk 286 0.000000 8 6542860
paiceHusk 287 0.000000 8 6542860
paiceHusk 288 0.000000 8 6542860
paiceHusk 289 0.000000 8 6542860
paiceHusk 290 0.000000 8 6542860
paiceHusk 291 0.000000 8 6542860
paiceHusk 292 0.649763 8 6542860
paiceHusk 293 0.649763 8 6542860
paiceHusk 294 0.000000 8 6542860
paiceHusk 295 0.854740 8 6542860
paiceHusk 296 0.324882 8 6542860
paiceHusk 297 0.244287 8 6542860
paiceHusk 298 0.000000 8 6542860
paiceHusk 299 0.159581 8 6542860
paiceHusk 300 0.000000 8 6542860
paiceHusk amean 0.147832 8 6542860
krovetz 251 0.000000 8 6542860
krovetz 252 0.000000 8 6542860
krovetz 253 0.000000 8 6542860
krovetz 254 0.000000 8 6542860
krovetz 255 0.000000 8 6542860
krovetz 256 0.854740 8 6542860
krovetz 257 0.000000 8 6542860
krovetz 258 0.000000 8 6542860
krovetz 259 0.712284 8 6542860
krovetz 260 0.377004 8 6542860
krovetz 261 0.000000 8 6542860
krovetz 262 0.000000 8 6542860
krovetz 263 0.000000 8 6542860
krovetz 264 0.000000 8 6542860
krovetz 265 0.000000 8 6542860
krovetz 266 0.409955 8 6542860
krovetz 267 0.000000 8 6542860
krovetz 268 0.000000 8 6542860
krovetz 269 0.000000 8 6542860
krovetz 270 0.294894 8 6542860
krovetz 271 0.000000 8 6542860
krovetz 272 0.277654 8 6542860
krovetz 273 0.000000 8 6542860
krovetz 274 0.000000 8 6542860
krovetz 275 0.000000 8 6542860
krovetz 276 0.854740 8 6542860
krovetz 277 0.000000 8 6542860
krovetz 278 0.000000 8 6542860
krovetz 279 0.084997 8 6542860
krovetz 280 0.279838 8 6542860
krovetz 281 0.108300 8 6542860
krovetz 282 0.000000 8 6542860
krovetz 283 0.649763 8 6542860
krovetz 284 0.572396 8 6542860
krovetz 285 0.000000 8 6542860
krovetz 286 0.000000 8 6542860
krovetz 287 0.000000 8 6542860
krovetz 288 0.000000 8 6542860
krovetz 289 0.000000 8 6542860
krovetz 290 0.000000 8 6542860
krovetz 291 0.000000 8 6542860
krovetz 292 0.649763 8 6542860
krovetz 293 0.649763 8 6542860
krovetz 294 0.042808 8 6542860
krovetz 295 0.854740 8 6542860
krovetz 296 0.649763 8 6542860
krovetz 297 0.244287 8 6542860
krovetz 298 0.000000 8 6542860
krovetz 299 0.155291 8 6542860
krovetz 300 0.000000 8 6542860
krovetz amean 0.174460 8 6542860
sStripping 251 0.000000 8 6542860
sStripping 252 0.000000 8 6542860
sStripping 253 0.000000 8 6542860
sStripping 254 0.000000 8 6542860
sStripping 255 0.000000 8 6542860
sStripping 256 0.854740 8 6542860
sStripping 257 0.000000 8 6542860
sStripping 258 0.000000 8 6542860
sStripping 259 0.712284 8 6542860
sStripping 260 0.377004 8 6542860
sStripping 261 0.000000 8 6542860
sStripping 262 0.000000 8 6542860
sStripping 263 0.000000 8 6542860
sStripping 264 0.000000 8 6542860
sStripping 265 0.000000 8 6542860
sStripping 266 0.409955 8 6542860
sStripping 267 0.000000 8 6542860
sStripping 268 0.000000 8 6542860
sStripping 269 0.000000 8 6542860
sStripping 270 0.294894 8 6542860
sStripping 271 0.000000 8 6542860
sStripping 272 0.277654 8 6542860
sStripping 273 0.000000 8 6542860
sStripping 274 0.000000 8 6542860
sStripping 275 0.000000 8 6542860
sStripping 276 0.854740 8 6542860
sStripping 277 0.000000 8 6542860
sStripping 278 0.000000 8 6542860
sStripping 279 0.102766 8 6542860
sStripping 280 0.251363 8 6542860
sStripping 281 0.108300 8 6542860
sStripping 282 0.000000 8 6542860
sStripping 283 0.649763 8 6542860
sStripping 284 0.854740 8 6542860
sStripping 285 0.000000 8 6542860
sStripping 286 0.000000 8 6542860
sStripping 287 0.000000 8 6542860
sStripping 288 0.000000 8 6542860
sStripping 289 0.000000 8 6542860
sStripping 290 0.000000 8 6542860
sStripping 291 0.000000 8 6542860
sStripping 292 0.649763 8 6542860
sStripping 293 0.000000 8 6542860
sStripping 294 0.148091 8 6542860
sStripping 295 0.854740 8 6542860
sStripping 296 0.649763 8 6542860
sStripping 297 0.244287 8 6542860
sStripping 298 0.204977 8 6542860
sStripping 299 0.108323 8 6542860
sStripping 300 0.000000 8 6542860
sStripping amean 0.172163 8 6542860
porter2 251 0.000000 8 6542860
porter2 252 0.000000 8 6542860
porter2 253 0.000000 8 6542860
porter2 254 0.000000 8 6542860
porter2 255 0.000000 8 6542860
porter2 256 0.854740 8 6542860
porter2 257 0.000000 8 6542860
porter2 258 0.000000 8 6542860
porter2 259 0.712284 8 6542860
porter2 260 0.377004 8 6542860
porter2 261 0.000000 8 6542860
porter2 262 0.000000 8 6542860
porter2 263 0.000000 8 6542860
porter2 264 0.000000 8 6542860
porter2 265 0.000000 8 6542860
porter2 266 0.409955 8 6542860
porter2 267 0.000000 8 6542860
porter2 268 0.000000 8 6542860
porter2 269 0.000000 8 6542860
porter2 270 0.294894 8 6542860
porter2 271 0.000000 8 6542860
porter2 272 0.175180 8 6542860
porter2 273 0.491136 8 6542860
porter2 274 0.000000 8 6542860
porter2 275 0.000000 8 6542860
porter2 276 0.854740 8 6542860
porter2 277 0.000000 8 6542860
porter2 278 0.000000 8 6542860
porter2 279 0.084997 8 6542860
porter2 280 0.251363 8 6542860
porter2 281 0.108300 8 6542860
porter2 282 0.000000 8 6542860
porter2 283 0.649763 8 6542860
porter2 284 0.464800 8 6542860
porter2 285 0.000000 8 6542860
porter2 286 0.000000 8 6542860
porter2 287 0.000000 8 6542860
porter2 288 0.000000 8 6542860
porter2 289 0.000000 8 6542860
porter2 290 0.000000 8 6542860
porter2 291 0.000000 8 6542860
porter2 292 0.649763 8 6542860
porter2 293 0.649763 8 6542860
porter2 294 0.042808 8 6542860
porter2 295 0.854740 8 6542860
porter2 296 0.649763 8 6542860
porter2 297 0.244287 8 6542860
porter2 298 0.409955 8 6542860
porter2 299 0.155291 8 6542860
porter2 300 0.000000 8 6542860
porter2 amean 0.187711 8 6542860
lovins 251 0.000000 8 6542860
lovins 252 0.000000 8 6542860
lovins 253 0.000000 8 6542860
lovins 254 0.000000 8 6542860
lovins 255 0.000000 8 6542860
lovins 256 0.775444 8 6542860
lovins 257 0.000000 8 6542860
lovins 258 0.000000 8 6542860
lovins 259 0.712284 8 6542860
lovins 260 0.377004 8 6542860
lovins 261 0.000000 8 6542860
lovins 262 0.000000 8 6542860
lovins 263 0.000000 8 6542860
lovins 264 0.000000 8 6542860
lovins 265 0.000000 8 6542860
lovins 266 0.409955 8 6542860
lovins 267 0.000000 8 6542860
lovins 268 0.000000 8 6542860
lovins 269 0.000000 8 6542860
lovins 270 0.294894 8 6542860
lovins 271 0.000000 8 6542860
lovins 272 0.175180 8 6542860
lovins 273 0.491136 8 6542860
lovins 274 0.000000 8 6542860
lovins 275 0.000000 8 6542860
lovins 276 0.854740 8 6542860
lovins 277 0.000000 8 6542860
lovins 278 0.000000 8 6542860
lovins 279 0.084997 8 6542860
lovins 280 0.279838 8 6542860
lovins 281 0.108300 8 6542860
lovins 282 0.000000 8 6542860
lovins 283 0.649763 8 6542860
lovins 284 0.000000 8 6542860
lovins 285 0.000000 8 6542860
lovins 286 0.000000 8 6542860
lovins 287 0.000000 8 6542860
lovins 288 0.000000 8 6542860
lovins 289 0.000000 8 6542860
lovins 290 0.000000 8 6542860
lovins 291 0.000000 8 6542860
lovins 292 0.649763 8 6542860
lovins 293 0.649763 8 6542860
lovins 294 0.057290 8 6542860
lovins 295 0.854740 8 6542860
lovins 296 0.649763 8 6542860
lovins 297 0.244287 8 6542860
lovins 298 0.251363 8 6542860
lovins 299 0.157235 8 6542860
lovins 300 0.000000 8 6542860
lovins amean 0.174555 8 6542860
wikt 251 0.000000 8 6542860
wikt 252 0.000000 8 6542860
wikt 253 0.000000 8 6542860
wikt 254 0.000000 8 6542860
wikt 255 0.000000 8 6542860
wikt 256 0.854740 8 6542860
wikt 257 0.000000 8 6542860
wikt 258 0.000000 8 6542860
wikt 259 0.712284 8 6542860
wikt 260 0.311841 8 6542860
wikt 261 0.000000 8 6542860
wikt 262 0.000000 8 6542860
wikt 263 0.000000 8 6542860
wikt 264 0.000000 8 6542860
wikt 265 0.000000 8 6542860
wikt 266 0.409955 8 6542860
wikt 267 0.000000 8 6542860
wikt 268 0.000000 8 6542860
wikt 269 0.000000 8 6542860
wikt 270 0.294894 8 6542860
wikt 271 0.000000 8 6542860
wikt 272 0.119579 8 6542860
wikt 273 0.000000 8 6542860
wikt 274 0.000000 8 6542860
wikt 275 0.000000 8 6542860
wikt 276 0.854740 8 6542860
wikt 277 0.000000 8 6542860
wikt 278 0.000000 8 6542860
wikt 279 0.084997 8 6542860
wikt 280 0.279838 8 6542860
wikt 281 0.108300 8 6542860
wikt 282 0.000000 8 6542860
wikt 283 0.649763 8 6542860
wikt 284 0.572396 8 6542860
wikt 285 0.000000 8 6542860
wikt 286 0.000000 8 6542860
wikt 287 0.000000 8 6542860
wikt 288 0.000000 8 6542860
wikt 289 0.000000 8 6542860
wikt 290 0.000000 8 6542860
wikt 291 0.000000 8 6542860
wikt 292 0.649763 8 6542860
wikt 293 0.649763 8 6542860
wikt 294 0.044580 8 6542860
wikt 295 0.854740 8 6542860
wikt 296 0.649763 8 6542860
wikt 297 0.244287 8 6542860
wikt 298 0.000000 8 6542860
wikt 299 0.155291 8 6542860
wikt 300 0.000000 8 6542860
wikt amean 0.170030 8 6542860
none 251 0.000000 8 6542860
none 252 0.000000 8 6542860
none 253 0.000000 8 6542860
none 254 0.000000 8 6542860
none 255 0.000000 8 6542860
none 256 0.854740 8 6542860
none 257 0.000000 8 6542860
none 258 0.000000 8 6542860
none 259 0.712284 8 6542860
none 260 0.377004 8 6542860
none 261 0.000000 8 6542860
none 262 0.000000 8 6542860
none 263 0.000000 8 6542860
none 264 0.000000 8 6542860
none 265 0.000000 8 6542860
none 266 0.409955 8 6542860
none 267 0.000000 8 6542860
none 268 0.000000 8 6542860
none 269 0.000000 8 6542860
none 270 0.294894 8 6542860
none 271 0.000000 8 6542860
none 272 0.138827 8 6542860
none 273 0.000000 8 6542860
none 274 0.000000 8 6542860
none 275 0.000000 8 6542860
none 276 0.854740 8 6542860
none 277 0.000000 8 6542860
none 278 0.000000 8 6542860
none 279 0.102766 8 6542860
none 280 0.279838 8 6542860
none 281 0.102495 8 6542860
none 282 0.000000 8 6542860
none 283 0.649763 8 6542860
none 284 0.854740 8 6542860
none 285 0.000000 8 6542860
none 286 0.000000 8 6542860
none 287 0.000000 8 6542860
none 288 0.000000 8 6542860
none 289 0.000000 8 6542860
none 290 0.000000 8 6542860
none 291 0.000000 8 6542860
none 292 0.649763 8 6542860
none 293 0.000000 8 6542860
none 294 0.148091 8 6542860
none 295 0.854740 8 6542860
none 296 0.649763 8 6542860
none 297 0.244287 8 6542860
none 298 0.204977 8 6542860
none 299 0.155291 8 6542860
none 300 0.000000 8 6542860
none amean 0.170779 8 6542860
