stemmer qid ndcg n collectionSize
paiceHusk 251 0.279838 2 26171443
paiceHusk 252 0.939676 2 26171443
paiceHusk 253 0.337777 2 26171443
paiceHusk 254 0.328785 2 26171443
paiceHusk 255 0.000000 2 26171443
paiceHusk 256 0.000000 2 26171443
paiceHusk 257 0.651095 2 26171443
paiceHusk 258 0.395909 2 26171443
paiceHusk 259 0.779967 2 26171443
paiceHusk 260 0.000000 2 26171443
paiceHusk 261 0.000000 2 26171443
paiceHusk 262 0.875044 2 26171443
paiceHusk 263 0.649763 2 26171443
paiceHusk 264 0.586881 2 26171443
paiceHusk 265 0.039137 2 26171443
paiceHusk 266 0.937053 2 26171443
paiceHusk 267 0.000000 2 26171443
paiceHusk 268 0.279838 2 26171443
paiceHusk 269 0.000000 2 26171443
paiceHusk 270 0.214410 2 26171443
paiceHusk 271 0.649763 2 26171443
paiceHusk 272 0.118865 2 26171443
paiceHusk 273 0.000000 2 26171443
paiceHusk 274 0.044749 2 26171443
paiceHusk 275 0.061356 2 26171443
paiceHusk 276 0.187824 2 26171443
paiceHusk 277 0.000000 2 26171443
paiceHusk 278 0.000000 2 26171443
paiceHusk 279 0.712924 2 26171443
paiceHusk 280 0.474326 2 26171443
paiceHusk 281 0.142465 2 26171443
paiceHusk 282 0.952488 2 26171443
paiceHusk 283 0.935961 2 26171443
paiceHusk 284 0.985406 2 26171443
paiceHusk 285 0.611721 2 26171443
paiceHusk 286 0.000000 2 26171443
paiceHusk 287 0.000000 2 26171443
paiceHusk 288 0.339720 2 26171443
paiceHusk 289 0.000000 2 26171443
paiceHusk 290 0.371900 2 26171443
paiceHusk 291 0.000000 2 26171443
paiceHusk 292 0.854740 2 26171443
paiceHusk 293 0.409955 2 26171443
paiceHusk 294 0.000000 2 26171443
paiceHusk 295 0.953631 2 26171443
paiceHusk 296 0.854740 2 26171443
paiceHusk 297 0.162858 2 26171443
paiceHusk 298 0.000000 2 26171443
paiceHusk 299 0.371620 2 26171443
paiceHusk 300 0.000000 2 26171443
paiceHusk amean 0.349844 2 26171443
krovetz 251 0.231450 2 26171443
krovetz 252 0.968931 2 26171443
krovetz 253 0.337777 2 26171443
krovetz 254 0.328785 2 26171443
krovetz 255 0.000000 2 26171443
krovetz 256 0.934510 2 26171443
krovetz 257 0.652161 2 26171443
krovetz 258 0.395909 2 26171443
krovetz 259 0.827849 2 26171443
krovetz 260 0.377004 2 26171443
krovetz 261 0.000000 2 26171443
krovetz 262 0.604021 2 26171443
krovetz 263 0.809301 2 26171443
krovetz 264 0.747562 2 26171443
krovetz 265 0.039137 2 26171443
krovetz 266 0.938225 2 26171443
krovetz 267 0.000000 2 26171443
krovetz 268 0.216588 2 26171443
krovetz 269 0.000000 2 26171443
krovetz 270 0.214410 2 26171443
krovetz 271 0.279838 2 26171443
krovetz 272 0.159098 2 26171443
krovetz 273 0.000000 2 26171443
krovetz 274 0.061091 2 26171443
krovetz 275 0.061356 2 26171443
krovetz 276 0.454419 2 26171443
krovetz 277 0.000000 2 26171443
krovetz 278 0.000000 2 26171443
krovetz 279 0.715666 2 26171443
krovetz 280 0.503867 2 26171443
krovetz 281 0.142465 2 26171443
krovetz 282 0.952488 2 26171443
krovetz 283 0.935961 2 26171443
krovetz 284 0.985406 2 26171443
krovetz 285 0.608402 2 26171443
krovetz 286 0.187824 2 26171443
krovetz 287 0.000000 2 26171443
krovetz 288 0.339720 2 26171443
krovetz 289 0.000000 2 26171443
krovetz 290 0.371900 2 26171443
krovetz 291 0.000000 2 26171443
krovetz 292 0.854740 2 26171443
krovetz 293 0.503867 2 26171443
krovetz 294 0.000000 2 26171443
krovetz 295 0.970941 2 26171443
krovetz 296 0.854740 2 26171443
krovetz 297 0.162858 2 26171443
krovetz 298 0.000000 2 26171443
krovetz 299 0.371620 2 26171443
krovetz 300 0.000000 2 26171443
krovetz amean 0.382038 2 26171443
sStripping 251 0.000000 2 26171443
sStripping 252 0.968931 2 26171443
sStripping 253 0.327479 2 26171443
sStripping 254 0.328785 2 26171443
sStripping 255 0.068660 2 26171443
sStripping 256 0.912603 2 26171443
sStripping 257 0.654909 2 26171443
sStripping 258 0.395909 2 26171443
sStripping 259 0.779967 2 26171443
sStripping 260 0.377004 2 26171443
sStripping 261 0.000000 2 26171443
sStripping 262 0.251363 2 26171443
sStripping 263 0.801151 2 26171443
sStripping 264 0.752252 2 26171443
sStripping 265 0.039137 2 26171443
sStripping 266 0.938225 2 26171443
sStripping 267 0.000000 2 26171443
sStripping 268 0.279838 2 26171443
sStripping 269 0.000000 2 26171443
sStripping 270 0.214410 2 26171443
sStripping 271 0.195598 2 26171443
sStripping 272 0.159098 2 26171443
sStripping 273 0.000000 2 26171443
sStripping 274 0.061091 2 26171443
sStripping 275 0.061356 2 26171443
sStripping 276 0.812204 2 26171443
sStripping 277 0.000000 2 26171443
sStripping 278 0.000000 2 26171443
sStripping 279 0.720734 2 26171443
sStripping 280 0.409955 2 26171443
sStripping 281 0.142465 2 26171443
sStripping 282 0.951901 2 26171443
sStripping 283 0.935961 2 26171443
sStripping 284 0.985406 2 26171443
sStripping 285 0.608402 2 26171443
sStripping 286 0.000000 2 26171443
sStripping 287 0.000000 2 26171443
sStripping 288 0.339720 2 26171443
sStripping 289 0.000000 2 26171443
sStripping 290 0.373214 2 26171443
sStripping 291 0.000000 2 26171443
sStripping 292 0.854740 2 26171443
sStripping 293 0.000000 2 26171443
sStripping 294 0.150725 2 26171443
sStripping 295 0.970941 2 26171443
sStripping 296 0.789682 2 26171443
sStripping 297 0.174033 2 26171443
sStripping 298 0.000000 2 26171443
sStripping 299 0.371620 2 26171443
sStripping 300 0.000000 2 26171443
sStripping amean 0.363189 2 26171443
porter2 251 0.251363 2 26171443
porter2 252 0.968931 2 26171443
porter2 253 0.337777 2 26171443
porter2 254 0.193065 2 26171443
porter2 255 0.000000 2 26171443
porter2 256 0.949150 2 26171443
porter2 257 0.652161 2 26171443
porter2 258 0.395909 2 26171443
porter2 259 0.827849 2 26171443
porter2 260 0.377004 2 26171443
porter2 261 0.000000 2 26171443
porter2 262 0.604021 2 26171443
porter2 263 0.809301 2 26171443
porter2 264 0.649763 2 26171443
porter2 265 0.039137 2 26171443
porter2 266 0.937053 2 26171443
porter2 267 0.000000 2 26171443
porter2 268 0.204977 2 26171443
porter2 269 0.000000 2 26171443
porter2 270 0.214410 2 26171443
porter2 271 0.216588 2 26171443
porter2 272 0.118865 2 26171443
porter2 273 0.707437 2 26171443
porter2 274 0.061091 2 26171443
porter2 275 0.061356 2 26171443
porter2 276 0.905985 2 26171443
porter2 277 0.000000 2 26171443
porter2 278 0.000000 2 26171443
porter2 279 0.723477 2 26171443
porter2 280 0.324882 2 26171443
porter2 281 0.142465 2 26171443
porter2 282 0.951901 2 26171443
porter2 283 0.935961 2 26171443
porter2 284 0.985406 2 26171443
porter2 285 0.608402 2 26171443
porter2 286 0.195598 2 26171443
porter2 287 0.000000 2 26171443
porter2 288 0.339720 2 26171443
porter2 289 0.000000 2 26171443
porter2 290 0.371900 2 26171443
porter2 291 0.000000 2 26171443
porter2 292 0.854740 2 26171443
porter2 293 0.649763 2 26171443
porter2 294 0.000000 2 26171443
porter2 295 0.970941 2 26171443
porter2 296 0.854740 2 26171443
porter2 297 0.162858 2 26171443
porter2 298 0.642355 2 26171443
porter2 299 0.371620 2 26171443
porter2 300 0.000000 2 26171443
porter2 amean 0.411398 2 26171443
lovins 251 0.216588 2 26171443
lovins 252 0.946512 2 26171443
lovins 253 0.337777 2 26171443
lovins 254 0.193065 2 26171443
lovins 255 0.000000 2 26171443
lovins 256 0.854740 2 26171443
lovins 257 0.652161 2 26171443
lovins 258 0.395909 2 26171443
lovins 259 0.626876 2 26171443
lovins 260 0.377004 2 26171443
lovins 261 0.000000 2 26171443
lovins 262 0.586881 2 26171443
lovins 263 0.649763 2 26171443
lovins 264 0.559399 2 26171443
lovins 265 0.000000 2 26171443
lovins 266 0.937053 2 26171443
lovins 267 0.000000 2 26171443
lovins 268 0.216588 2 26171443
lovins 269 0.000000 2 26171443
lovins 270 0.214410 2 26171443
lovins 271 0.649763 2 26171443
lovins 272 0.118865 2 26171443
lovins 273 0.707437 2 26171443
lovins 274 0.061091 2 26171443
lovins 275 0.000000 2 26171443
lovins 276 0.912603 2 26171443
lovins 277 0.000000 2 26171443
lovins 278 0.000000 2 26171443
lovins 279 0.712924 2 26171443
lovins 280 0.512444 2 26171443
lovins 281 0.142465 2 26171443
lovins 282 0.951901 2 26171443
lovins 283 0.935961 2 26171443
lovins 284 0.992520 2 26171443
lovins 285 0.611721 2 26171443
lovins 286 0.000000 2 26171443
lovins 287 0.000000 2 26171443
lovins 288 0.339720 2 26171443
lovins 289 0.000000 2 26171443
lovins 290 0.371900 2 26171443
lovins 291 0.000000 2 26171443
lovins 292 0.854740 2 26171443
lovins 293 0.649763 2 26171443
lovins 294 0.000000 2 26171443
lovins 295 0.970941 2 26171443
lovins 296 0.854740 2 26171443
lovins 297 0.162858 2 26171443
lovins 298 0.324882 2 26171443
lovins 299 0.371620 2 26171443
lovins 300 0.000000 2 26171443
lovins amean 0.399512 2 26171443
wikt 251 0.279838 2 26171443
wikt 252 0.968345 2 26171443
wikt 253 0.337777 2 26171443
wikt 254 0.328785 2 26171443
wikt 255 0.000000 2 26171443
wikt 256 0.908887 2 26171443
wikt 257 0.652161 2 26171443
wikt 258 0.395909 2 26171443
wikt 259 0.823299 2 26171443
wikt 260 0.293101 2 26171443
wikt 261 0.000000 2 26171443
wikt 262 0.604021 2 26171443
wikt 263 0.649763 2 26171443
wikt 264 0.623640 2 26171443
wikt 265 0.039137 2 26171443
wikt 266 0.937053 2 26171443
wikt 267 0.000000 2 26171443
wikt 268 0.216588 2 26171443
wikt 269 0.000000 2 26171443
wikt 270 0.214410 2 26171443
wikt 271 0.649763 2 26171443
wikt 272 0.196076 2 26171443
wikt 273 0.000000 2 26171443
wikt 274 0.061091 2 26171443
wikt 275 0.000000 2 26171443
wikt 276 0.601118 2 26171443
wikt 277 0.000000 2 26171443
wikt 278 0.000000 2 26171443
wikt 279 0.739038 2 26171443
wikt 280 0.418793 2 26171443
wikt 281 0.142465 2 26171443
wikt 282 0.952488 2 26171443
wikt 283 0.935961 2 26171443
wikt 284 0.991276 2 26171443
wikt 285 0.611721 2 26171443
wikt 286 0.000000 2 26171443
wikt 287 0.000000 2 26171443
wikt 288 0.339720 2 26171443
wikt 289 0.000000 2 26171443
wikt 290 0.371900 2 26171443
wikt 291 0.000000 2 26171443
wikt 292 0.854740 2 26171443
wikt 293 0.649763 2 26171443
wikt 294 0.000000 2 26171443
wikt 295 0.970941 2 26171443
wikt 296 0.854740 2 26171443
wikt 297 0.162858 2 26171443
wikt 298 0.000000 2 26171443
wikt 299 0.371620 2 26171443
wikt 300 0.000000 2 26171443
wikt amean 0.382976 2 26171443
none 251 0.000000 2 26171443
none 252 0.968345 2 26171443
none 253 0.327479 2 26171443
none 254 0.328785 2 26171443
none 255 0.000000 2 26171443
none 256 0.852523 2 26171443
none 257 0.654909 2 26171443
none 258 0.395909 2 26171443
none 259 0.799532 2 26171443
none 260 0.377004 2 26171443
none 261 0.000000 2 26171443
none 262 0.251363 2 26171443
none 263 0.809301 2 26171443
none 264 0.752252 2 26171443
none 265 0.000000 2 26171443
none 266 0.951901 2 26171443
none 267 0.000000 2 26171443
none 268 0.251363 2 26171443
none 269 0.000000 2 26171443
none 270 0.214410 2 26171443
none 271 0.000000 2 26171443
none 272 0.300792 2 26171443
none 273 0.000000 2 26171443
none 274 0.070925 2 26171443
none 275 0.061356 2 26171443
none 276 0.854740 2 26171443
none 277 0.000000 2 26171443
none 278 0.000000 2 26171443
none 279 0.727229 2 26171443
none 280 0.409955 2 26171443
none 281 0.142465 2 26171443
none 282 0.977703 2 26171443
none 283 0.935961 2 26171443
none 284 0.992799 2 26171443
none 285 0.433175 2 26171443
none 286 0.195598 2 26171443
none 287 0.000000 2 26171443
none 288 0.339720 2 26171443
none 289 0.000000 2 26171443
none 290 0.373214 2 26171443
none 291 0.000000 2 26171443
none 292 0.854740 2 26171443
none 293 0.000000 2 26171443
none 294 0.260916 2 26171443
none 295 0.970941 2 26171443
none 296 0.812204 2 26171443
none 297 0.174033 2 26171443
none 298 0.000000 2 26171443
none 299 0.371620 2 26171443
none 300 0.000000 2 26171443
none amean 0.363903 2 26171443
