alpha-DCG@10
0.000000
0.000000
0.000000
0.000000
0.000000
0.000000
0.000000
0.324882
0.000000
0.176620
0.000000
0.114239
0.000000
0.195598
0.000000
0.216588
0.649763
0.000000
0.000000
0.000000
0.518249
0.000000
0.000000
0.000000
0.000000
0.068326
0.000000
0.000000
0.000000
0.000000
0.000000
0.649763
0.000000
0.000000
0.000000
0.000000
0.000000
0.000000
0.649763
0.279838
0.000000
0.000000
0.000000
0.000000
0.000000
0.000000
0.000000
0.000000
0.000000
0.000000
0.000000
0.000000
0.000000
0.000000
0.000000
0.324882
0.000000
0.000000
0.541469
0.000000
0.000000
0.000000
0.000000
0.000000
0.000000
0.000000
0.000000
0.000000
0.000000
0.000000
0.000000
0.185647
0.000000
0.000000
0.000000
0.000000
0.000000
0.000000
0.000000
0.409955
0.000000
0.000000
0.000000
0.000000
0.000000
0.000000
0.000000
0.000000
0.000000
0.000000
0.000000
0.000000
0.000000
0.000000
0.000000
0.000000
0.000000
0.000000
0.000000
0.000000
0.053056
alpha-DCG@10
0.000000
0.000000
0.000000
0.000000
0.000000
0.000000
0.000000
0.324882
0.000000
0.176620
0.000000
0.123690
0.000000
0.216588
0.000000
0.216588
0.649763
0.000000
0.000000
0.000000
0.924700
0.000000
0.000000
0.000000
0.000000
0.068326
0.000000
0.000000
0.000000
0.000000
0.000000
0.649763
0.000000
0.000000
0.000000
0.000000
0.000000
0.000000
0.649763
0.649763
0.000000
0.000000
0.000000
0.000000
0.000000
0.000000
0.000000
0.324882
0.000000
0.000000
0.000000
0.000000
0.000000
0.000000
0.000000
0.649763
0.000000
0.000000
0.541469
0.000000
0.000000
0.000000
0.000000
0.000000
0.000000
0.000000
0.000000
0.000000
0.000000
0.000000
0.000000
0.185647
0.000000
0.000000
0.000000
0.000000
0.000000
0.000000
0.000000
0.409955
0.000000
0.000000
0.000000
0.000000
0.000000
0.000000
0.000000
0.000000
0.000000
0.000000
0.000000
0.000000
0.000000
0.000000
0.000000
0.000000
0.000000
0.000000
0.000000
0.000000
0.067622
alpha-DCG@10
0.000000
0.000000
0.000000
0.000000
0.000000
0.000000
0.000000
0.324882
0.000000
0.176620
0.000000
0.123690
0.000000
0.000000
0.000000
0.216588
0.649763
0.000000
0.000000
0.000000
0.924700
0.000000
0.000000
0.000000
0.000000
0.068326
0.000000
0.000000
0.000000
0.000000
0.000000
0.649763
0.000000
0.000000
0.000000
0.000000
0.000000
0.000000
0.649763
0.409955
0.000000
0.000000
0.000000
0.000000
0.000000
0.000000
0.000000
0.324882
0.000000
0.000000
0.000000
0.000000
0.000000
0.000000
0.000000
0.649763
0.000000
0.000000
0.541469
0.000000
0.000000
0.000000
0.000000
0.000000
0.000000
0.000000
0.000000
0.000000
0.000000
0.000000
0.000000
0.185647
0.000000
0.000000
0.000000
0.000000
0.000000
0.000000
0.000000
0.409955
0.000000
0.000000
0.000000
0.000000
0.000000
0.000000
0.000000
0.000000
0.000000
0.000000
0.000000
0.000000
0.000000
0.000000
0.000000
0.000000
0.000000
0.000000
0.000000
0.000000
0.063058
alpha-DCG@10
0.000000
0.000000
0.000000
0.000000
0.000000
0.000000
0.000000
0.324882
0.000000
0.176620
0.000000
0.123690
0.000000
0.216588
0.000000
0.216588
0.649763
0.000000
0.231450
0.000000
0.924700
0.000000
0.000000
0.000000
0.000000
0.068326
0.000000
0.000000
0.000000
0.000000
0.000000
0.649763
0.000000
0.000000
0.000000
0.000000
0.000000
0.000000
0.649763
0.649763
0.000000
0.000000
0.000000
0.000000
0.000000
0.000000
0.000000
0.324882
0.000000
0.000000
0.000000
0.000000
0.000000
0.000000
0.000000
0.649763
0.000000
0.000000
0.541469
0.000000
0.000000
0.000000
0.000000
0.000000
0.000000
0.000000
0.000000
0.000000
0.000000
0.000000
0.000000
0.185647
0.433175
0.000000
0.000000
0.000000
0.000000
0.000000
0.000000
0.409955
0.000000
0.000000
0.000000
0.000000
0.000000
0.000000
0.000000
0.000000
0.000000
0.000000
0.000000
0.000000
0.000000
0.000000
0.000000
0.000000
0.000000
0.000000
0.000000
0.000000
0.074268
alpha-DCG@10
0.000000
0.000000
0.000000
0.000000
0.000000
0.000000
0.000000
0.324882
0.000000
0.176620
0.000000
0.123690
0.000000
0.216588
0.000000
0.216588
0.649763
0.000000
0.000000
0.000000
0.924700
0.000000
0.000000
0.000000
0.000000
0.068326
0.000000
0.000000
0.000000
0.000000
0.000000
0.649763
0.000000
0.000000
0.000000
0.000000
0.000000
0.000000
0.649763
0.231450
0.000000
0.000000
0.000000
0.000000
0.000000
0.000000
0.000000
0.251363
0.000000
0.000000
0.000000
0.000000
0.000000
0.000000
0.000000
0.649763
0.000000
0.000000
0.541469
0.000000
0.000000
0.000000
0.000000
0.000000
0.000000
0.000000
0.000000
0.000000
0.000000
0.000000
0.000000
0.185647
0.433175
0.000000
0.000000
0.000000
0.000000
0.000000
0.000000
0.409955
0.000000
0.000000
0.000000
0.000000
0.000000
0.000000
0.000000
0.000000
0.000000
0.000000
0.000000
0.000000
0.000000
0.000000
0.000000
0.000000
0.000000
0.000000
0.000000
0.000000
0.067035
alpha-DCG@10
0.000000
0.000000
0.000000
0.000000
0.000000
0.000000
0.000000
0.324882
0.000000
0.000000
0.000000
0.123690
0.000000
0.216588
0.000000
0.216588
0.649763
0.000000
0.000000
0.000000
0.924700
0.000000
0.000000
0.000000
0.000000
0.068326
0.000000
0.000000
0.000000
0.000000
0.000000
0.649763
0.000000
0.000000
0.000000
0.000000
0.000000
0.000000
0.649763
0.231450
0.000000
0.000000
0.000000
0.000000
0.000000
0.000000
0.000000
0.324882
0.000000
0.000000
0.000000
0.000000
0.000000
0.000000
0.000000
0.649763
0.000000
0.000000
0.541469
0.000000
0.000000
0.000000
0.000000
0.000000
0.000000
0.000000
0.000000
0.000000
0.000000
0.000000
0.000000
0.185647
0.000000
0.000000
0.000000
0.000000
0.000000
0.000000
0.000000
0.409955
0.000000
0.000000
0.000000
0.000000
0.000000
0.000000
0.000000
0.000000
0.000000
0.000000
0.000000
0.000000
0.000000
0.000000
0.000000
0.000000
0.000000
0.000000
0.000000
0.000000
0.061672
alpha-DCG@10
0.000000
0.000000
0.000000
0.000000
0.000000
0.000000
0.000000
0.324882
0.000000
0.176620
0.000000
0.055968
0.000000
0.000000
0.000000
0.216588
0.649763
0.000000
0.000000
0.000000
0.882163
0.000000
0.000000
0.000000
0.000000
0.068326
0.000000
0.000000
0.000000
0.000000
0.000000
0.649763
0.000000
0.000000
0.000000
0.000000
0.000000
0.000000
0.649763
0.409955
0.000000
0.000000
0.000000
0.000000
0.000000
0.000000
0.000000
0.649763
0.000000
0.000000
0.000000
0.000000
0.000000
0.000000
0.000000
0.649763
0.000000
0.000000
0.541469
0.000000
0.000000
0.000000
0.000000
0.000000
0.000000
0.000000
0.000000
0.000000
0.000000
0.000000
0.000000
0.185647
0.000000
0.000000
0.000000
0.000000
0.000000
0.000000
0.000000
0.409955
0.000000
0.000000
0.000000
0.000000
0.000000
0.000000
0.000000
0.000000
0.000000
0.000000
0.000000
0.000000
0.000000
0.000000
0.000000
0.000000
0.000000
0.000000
0.000000
0.000000
0.065204
