stemmer qid ndcg n collectionSize
paiceHusk 201 0.366254 4 12909723
paiceHusk 202 0.000000 4 12909723
paiceHusk 203 0.409955 4 12909723
paiceHusk 204 0.970586 4 12909723
paiceHusk 205 0.000000 4 12909723
paiceHusk 206 0.440620 4 12909723
paiceHusk 207 0.154462 4 12909723
paiceHusk 208 0.503466 4 12909723
paiceHusk 209 0.208125 4 12909723
paiceHusk 210 0.287885 4 12909723
paiceHusk 211 0.984893 4 12909723
paiceHusk 212 0.000000 4 12909723
paiceHusk 213 0.420397 4 12909723
paiceHusk 214 0.923625 4 12909723
paiceHusk 215 0.084267 4 12909723
paiceHusk 216 0.587926 4 12909723
paiceHusk 217 0.953631 4 12909723
paiceHusk 218 0.303844 4 12909723
paiceHusk 219 0.000000 4 12909723
paiceHusk 220 0.000000 4 12909723
paiceHusk 221 0.632186 4 12909723
paiceHusk 222 0.684823 4 12909723
paiceHusk 223 0.400807 4 12909723
paiceHusk 224 0.000000 4 12909723
paiceHusk 225 0.406279 4 12909723
paiceHusk 226 0.367738 4 12909723
paiceHusk 227 0.789682 4 12909723
paiceHusk 228 0.512444 4 12909723
paiceHusk 229 0.903976 4 12909723
paiceHusk 230 0.649763 4 12909723
paiceHusk 231 0.598773 4 12909723
paiceHusk 232 0.854740 4 12909723
paiceHusk 233 0.045453 4 12909723
paiceHusk 234 0.310499 4 12909723
paiceHusk 235 0.000000 4 12909723
paiceHusk 236 0.859160 4 12909723
paiceHusk 237 0.056031 4 12909723
paiceHusk 238 0.000000 4 12909723
paiceHusk 239 0.604277 4 12909723
paiceHusk 240 0.569493 4 12909723
paiceHusk 241 0.946512 4 12909723
paiceHusk 242 0.361444 4 12909723
paiceHusk 243 0.432907 4 12909723
paiceHusk 244 0.755568 4 12909723
paiceHusk 245 0.071638 4 12909723
paiceHusk 246 0.000000 4 12909723
paiceHusk 247 0.000000 4 12909723
paiceHusk 248 0.000000 4 12909723
paiceHusk 249 0.201039 4 12909723
paiceHusk 250 0.000000 4 12909723
paiceHusk 251 0.000000 4 12909723
paiceHusk 252 0.765488 4 12909723
paiceHusk 253 0.164109 4 12909723
paiceHusk 254 0.139110 4 12909723
paiceHusk 255 0.000000 4 12909723
paiceHusk 256 0.000000 4 12909723
paiceHusk 257 0.334356 4 12909723
paiceHusk 258 0.000000 4 12909723
paiceHusk 259 0.787212 4 12909723
paiceHusk 260 0.000000 4 12909723
paiceHusk 261 0.000000 4 12909723
paiceHusk 262 0.464800 4 12909723
paiceHusk 263 0.216588 4 12909723
paiceHusk 264 0.000000 4 12909723
paiceHusk 265 0.000000 4 12909723
paiceHusk 266 0.861103 4 12909723
paiceHusk 267 0.000000 4 12909723
paiceHusk 268 0.000000 4 12909723
paiceHusk 269 0.000000 4 12909723
paiceHusk 270 0.315271 4 12909723
paiceHusk 271 0.000000 4 12909723
paiceHusk 272 0.000000 4 12909723
paiceHusk 273 0.000000 4 12909723
paiceHusk 274 0.000000 4 12909723
paiceHusk 275 0.000000 4 12909723
paiceHusk 276 0.187824 4 12909723
paiceHusk 277 0.000000 4 12909723
paiceHusk 278 0.000000 4 12909723
paiceHusk 279 0.075275 4 12909723
paiceHusk 280 0.279838 4 12909723
paiceHusk 281 0.108300 4 12909723
paiceHusk 282 0.388132 4 12909723
paiceHusk 283 0.854740 4 12909723
paiceHusk 284 0.845257 4 12909723
paiceHusk 285 0.433175 4 12909723
paiceHusk 286 0.000000 4 12909723
paiceHusk 287 0.000000 4 12909723
paiceHusk 288 0.164363 4 12909723
paiceHusk 289 0.000000 4 12909723
paiceHusk 290 0.129666 4 12909723
paiceHusk 291 0.000000 4 12909723
paiceHusk 292 0.649763 4 12909723
paiceHusk 293 0.649763 4 12909723
paiceHusk 294 0.089160 4 12909723
paiceHusk 295 0.924700 4 12909723
paiceHusk 296 0.324882 4 12909723
paiceHusk 297 0.359632 4 12909723
paiceHusk 298 0.000000 4 12909723
paiceHusk 299 0.108323 4 12909723
paiceHusk 300 0.000000 4 12909723
paiceHusk amean 0.302360 4 12909723
krovetz 201 0.366254 4 12909723
krovetz 202 0.000000 4 12909723
krovetz 203 0.000000 4 12909723
krovetz 204 0.970586 4 12909723
krovetz 205 0.409955 4 12909723
krovetz 206 0.442241 4 12909723
krovetz 207 0.154462 4 12909723
krovetz 208 0.503466 4 12909723
krovetz 209 0.416249 4 12909723
krovetz 210 0.287885 4 12909723
krovetz 211 0.984893 4 12909723
krovetz 212 0.000000 4 12909723
krovetz 213 0.420397 4 12909723
krovetz 214 0.917512 4 12909723
krovetz 215 0.084267 4 12909723
krovetz 216 0.595480 4 12909723
krovetz 217 0.677704 4 12909723
krovetz 218 0.300449 4 12909723
krovetz 219 0.000000 4 12909723
krovetz 220 0.000000 4 12909723
krovetz 221 0.515329 4 12909723
krovetz 222 0.684823 4 12909723
krovetz 223 0.319076 4 12909723
krovetz 224 0.000000 4 12909723
krovetz 225 0.417866 4 12909723
krovetz 226 0.367738 4 12909723
krovetz 227 0.840926 4 12909723
krovetz 228 0.000000 4 12909723
krovetz 229 0.903976 4 12909723
krovetz 230 0.649763 4 12909723
krovetz 231 0.604021 4 12909723
krovetz 232 0.854740 4 12909723
krovetz 233 0.049604 4 12909723
krovetz 234 0.310499 4 12909723
krovetz 235 0.000000 4 12909723
krovetz 236 0.812204 4 12909723
krovetz 237 0.056031 4 12909723
krovetz 238 0.000000 4 12909723
krovetz 239 0.604277 4 12909723
krovetz 240 0.409955 4 12909723
krovetz 241 0.907785 4 12909723
krovetz 242 0.361444 4 12909723
krovetz 243 0.432907 4 12909723
krovetz 244 0.755568 4 12909723
krovetz 245 0.064348 4 12909723
krovetz 246 0.000000 4 12909723
krovetz 247 0.000000 4 12909723
krovetz 248 0.187824 4 12909723
krovetz 249 0.202136 4 12909723
krovetz 250 0.000000 4 12909723
krovetz 251 0.000000 4 12909723
krovetz 252 0.812204 4 12909723
krovetz 253 0.164109 4 12909723
krovetz 254 0.139110 4 12909723
krovetz 255 0.000000 4 12909723
krovetz 256 0.866351 4 12909723
krovetz 257 0.334356 4 12909723
krovetz 258 0.000000 4 12909723
krovetz 259 0.809117 4 12909723
krovetz 260 0.325813 4 12909723
krovetz 261 0.000000 4 12909723
krovetz 262 0.464800 4 12909723
krovetz 263 0.279838 4 12909723
krovetz 264 0.000000 4 12909723
krovetz 265 0.000000 4 12909723
krovetz 266 0.861103 4 12909723
krovetz 267 0.000000 4 12909723
krovetz 268 0.000000 4 12909723
krovetz 269 0.000000 4 12909723
krovetz 270 0.315271 4 12909723
krovetz 271 0.000000 4 12909723
krovetz 272 0.000000 4 12909723
krovetz 273 0.000000 4 12909723
krovetz 274 0.000000 4 12909723
krovetz 275 0.000000 4 12909723
krovetz 276 0.525680 4 12909723
krovetz 277 0.000000 4 12909723
krovetz 278 0.000000 4 12909723
krovetz 279 0.075275 4 12909723
krovetz 280 0.324882 4 12909723
krovetz 281 0.115732 4 12909723
krovetz 282 0.388132 4 12909723
krovetz 283 0.854740 4 12909723
krovetz 284 0.845257 4 12909723
krovetz 285 0.433175 4 12909723
krovetz 286 0.000000 4 12909723
krovetz 287 0.000000 4 12909723
krovetz 288 0.164363 4 12909723
krovetz 289 0.000000 4 12909723
krovetz 290 0.129666 4 12909723
krovetz 291 0.000000 4 12909723
krovetz 292 0.649763 4 12909723
krovetz 293 0.409955 4 12909723
krovetz 294 0.000000 4 12909723
krovetz 295 0.935961 4 12909723
krovetz 296 0.324882 4 12909723
krovetz 297 0.359632 4 12909723
krovetz 298 0.000000 4 12909723
krovetz 299 0.108323 4 12909723
krovetz 300 0.000000 4 12909723
krovetz amean 0.308621 4 12909723
sStripping 201 0.363891 4 12909723
sStripping 202 0.000000 4 12909723
sStripping 203 0.324882 4 12909723
sStripping 204 0.969657 4 12909723
sStripping 205 0.279838 4 12909723
sStripping 206 0.478483 4 12909723
sStripping 207 0.128920 4 12909723
sStripping 208 0.503466 4 12909723
sStripping 209 0.416249 4 12909723
sStripping 210 0.283199 4 12909723
sStripping 211 0.981958 4 12909723
sStripping 212 0.000000 4 12909723
sStripping 213 0.420397 4 12909723
sStripping 214 0.925808 4 12909723
sStripping 215 0.084267 4 12909723
sStripping 216 0.596068 4 12909723
sStripping 217 0.677704 4 12909723
sStripping 218 0.300449 4 12909723
sStripping 219 0.000000 4 12909723
sStripping 220 0.000000 4 12909723
sStripping 221 0.515329 4 12909723
sStripping 222 0.685364 4 12909723
sStripping 223 0.333939 4 12909723
sStripping 224 0.000000 4 12909723
sStripping 225 0.442024 4 12909723
sStripping 226 0.367738 4 12909723
sStripping 227 0.866351 4 12909723
sStripping 228 0.433175 4 12909723
sStripping 229 0.913584 4 12909723
sStripping 230 0.649763 4 12909723
sStripping 231 0.607736 4 12909723
sStripping 232 0.812204 4 12909723
sStripping 233 0.045453 4 12909723
sStripping 234 0.310499 4 12909723
sStripping 235 0.000000 4 12909723
sStripping 236 0.854740 4 12909723
sStripping 237 0.056031 4 12909723
sStripping 238 0.000000 4 12909723
sStripping 239 0.535499 4 12909723
sStripping 240 0.302776 4 12909723
sStripping 241 0.899494 4 12909723
sStripping 242 0.361444 4 12909723
sStripping 243 0.432907 4 12909723
sStripping 244 0.755568 4 12909723
sStripping 245 0.071638 4 12909723
sStripping 246 0.000000 4 12909723
sStripping 247 0.000000 4 12909723
sStripping 248 0.195598 4 12909723
sStripping 249 0.202136 4 12909723
sStripping 250 0.000000 4 12909723
sStripping 251 0.000000 4 12909723
sStripping 252 0.812204 4 12909723
sStripping 253 0.164109 4 12909723
sStripping 254 0.139110 4 12909723
sStripping 255 0.000000 4 12909723
sStripping 256 0.854740 4 12909723
sStripping 257 0.334356 4 12909723
sStripping 258 0.000000 4 12909723
sStripping 259 0.787212 4 12909723
sStripping 260 0.377004 4 12909723
sStripping 261 0.000000 4 12909723
sStripping 262 0.251363 4 12909723
sStripping 263 0.279838 4 12909723
sStripping 264 0.000000 4 12909723
sStripping 265 0.000000 4 12909723
sStripping 266 0.861103 4 12909723
sStripping 267 0.000000 4 12909723
sStripping 268 0.000000 4 12909723
sStripping 269 0.000000 4 12909723
sStripping 270 0.315271 4 12909723
sStripping 271 0.000000 4 12909723
sStripping 272 0.000000 4 12909723
sStripping 273 0.000000 4 12909723
sStripping 274 0.000000 4 12909723
sStripping 275 0.000000 4 12909723
sStripping 276 0.649763 4 12909723
sStripping 277 0.000000 4 12909723
sStripping 278 0.000000 4 12909723
sStripping 279 0.075275 4 12909723
sStripping 280 0.279838 4 12909723
sStripping 281 0.115732 4 12909723
sStripping 282 0.388132 4 12909723
sStripping 283 0.812204 4 12909723
sStripping 284 0.829591 4 12909723
sStripping 285 0.433175 4 12909723
sStripping 286 0.000000 4 12909723
sStripping 287 0.000000 4 12909723
sStripping 288 0.164363 4 12909723
sStripping 289 0.000000 4 12909723
sStripping 290 0.129666 4 12909723
sStripping 291 0.000000 4 12909723
sStripping 292 0.649763 4 12909723
sStripping 293 0.000000 4 12909723
sStripping 294 0.093435 4 12909723
sStripping 295 0.935961 4 12909723
sStripping 296 0.409955 4 12909723
sStripping 297 0.362542 4 12909723
sStripping 298 0.000000 4 12909723
sStripping 299 0.108323 4 12909723
sStripping 300 0.000000 4 12909723
sStripping amean 0.310003 4 12909723
porter2 201 0.366254 4 12909723
porter2 202 0.000000 4 12909723
porter2 203 0.409955 4 12909723
porter2 204 0.976455 4 12909723
porter2 205 0.409955 4 12909723
porter2 206 0.440620 4 12909723
porter2 207 0.128920 4 12909723
porter2 208 0.503466 4 12909723
porter2 209 0.416249 4 12909723
porter2 210 0.280275 4 12909723
porter2 211 0.984893 4 12909723
porter2 212 0.000000 4 12909723
porter2 213 0.420397 4 12909723
porter2 214 0.917512 4 12909723
porter2 215 0.072584 4 12909723
porter2 216 0.595480 4 12909723
porter2 217 0.684097 4 12909723
porter2 218 0.315383 4 12909723
porter2 219 0.000000 4 12909723
porter2 220 0.000000 4 12909723
porter2 221 0.518947 4 12909723
porter2 222 0.638920 4 12909723
porter2 223 0.353851 4 12909723
porter2 224 0.000000 4 12909723
porter2 225 0.406279 4 12909723
porter2 226 0.367738 4 12909723
porter2 227 0.838581 4 12909723
porter2 228 0.433175 4 12909723
porter2 229 0.903976 4 12909723
porter2 230 0.649763 4 12909723
porter2 231 0.607736 4 12909723
porter2 232 0.854740 4 12909723
porter2 233 0.052413 4 12909723
porter2 234 0.345274 4 12909723
porter2 235 0.000000 4 12909723
porter2 236 0.812204 4 12909723
porter2 237 0.056031 4 12909723
porter2 238 0.000000 4 12909723
porter2 239 0.619121 4 12909723
porter2 240 0.409955 4 12909723
porter2 241 0.907785 4 12909723
porter2 242 0.361444 4 12909723
porter2 243 0.432907 4 12909723
porter2 244 0.755568 4 12909723
porter2 245 0.071638 4 12909723
porter2 246 0.000000 4 12909723
porter2 247 0.000000 4 12909723
porter2 248 0.195598 4 12909723
porter2 249 0.202136 4 12909723
porter2 250 0.000000 4 12909723
porter2 251 0.000000 4 12909723
porter2 252 0.812204 4 12909723
porter2 253 0.164109 4 12909723
porter2 254 0.215077 4 12909723
porter2 255 0.000000 4 12909723
porter2 256 0.863448 4 12909723
porter2 257 0.334356 4 12909723
porter2 258 0.000000 4 12909723
porter2 259 0.809117 4 12909723
porter2 260 0.377004 4 12909723
porter2 261 0.000000 4 12909723
porter2 262 0.464800 4 12909723
porter2 263 0.251363 4 12909723
porter2 264 0.000000 4 12909723
porter2 265 0.000000 4 12909723
porter2 266 0.861103 4 12909723
porter2 267 0.000000 4 12909723
porter2 268 0.000000 4 12909723
porter2 269 0.000000 4 12909723
porter2 270 0.315271 4 12909723
porter2 271 0.000000 4 12909723
porter2 272 0.000000 4 12909723
porter2 273 0.659574 4 12909723
porter2 274 0.000000 4 12909723
porter2 275 0.000000 4 12909723
porter2 276 0.812204 4 12909723
porter2 277 0.000000 4 12909723
porter2 278 0.000000 4 12909723
porter2 279 0.075275 4 12909723
porter2 280 0.324882 4 12909723
porter2 281 0.115732 4 12909723
porter2 282 0.388132 4 12909723
porter2 283 0.854740 4 12909723
porter2 284 0.845257 4 12909723
porter2 285 0.433175 4 12909723
porter2 286 0.000000 4 12909723
porter2 287 0.000000 4 12909723
porter2 288 0.164363 4 12909723
porter2 289 0.000000 4 12909723
porter2 290 0.129666 4 12909723
porter2 291 0.000000 4 12909723
porter2 292 0.649763 4 12909723
porter2 293 0.649763 4 12909723
porter2 294 0.000000 4 12909723
porter2 295 0.935961 4 12909723
porter2 296 0.324882 4 12909723
porter2 297 0.357281 4 12909723
porter2 298 0.572396 4 12909723
porter2 299 0.108323 4 12909723
porter2 300 0.000000 4 12909723
porter2 amean 0.335875 4 12909723
lovins 201 0.281043 4 12909723
lovins 202 0.000000 4 12909723
lovins 203 0.409955 4 12909723
lovins 204 0.000000 4 12909723
lovins 205 0.409955 4 12909723
lovins 206 0.465907 4 12909723
lovins 207 0.102167 4 12909723
lovins 208 0.503466 4 12909723
lovins 209 0.416249 4 12909723
lovins 210 0.283397 4 12909723
lovins 211 0.984893 4 12909723
lovins 212 0.000000 4 12909723
lovins 213 0.426931 4 12909723
lovins 214 0.917512 4 12909723
lovins 215 0.072584 4 12909723
lovins 216 0.598353 4 12909723
lovins 217 0.683511 4 12909723
lovins 218 0.313030 4 12909723
lovins 219 0.000000 4 12909723
lovins 220 0.000000 4 12909723
lovins 221 0.504710 4 12909723
lovins 222 0.649600 4 12909723
lovins 223 0.402751 4 12909723
lovins 224 0.000000 4 12909723
lovins 225 0.406279 4 12909723
lovins 226 0.367738 4 12909723
lovins 227 0.847544 4 12909723
lovins 228 0.000000 4 12909723
lovins 229 0.916201 4 12909723
lovins 230 0.649763 4 12909723
lovins 231 0.607736 4 12909723
lovins 232 0.854740 4 12909723
lovins 233 0.049604 4 12909723
lovins 234 0.310499 4 12909723
lovins 235 0.000000 4 12909723
lovins 236 0.775444 4 12909723
lovins 237 0.050329 4 12909723
lovins 238 0.000000 4 12909723
lovins 239 0.604277 4 12909723
lovins 240 0.405519 4 12909723
lovins 241 0.882163 4 12909723
lovins 242 0.361444 4 12909723
lovins 243 0.432907 4 12909723
lovins 244 0.755568 4 12909723
lovins 245 0.071638 4 12909723
lovins 246 0.000000 4 12909723
lovins 247 0.000000 4 12909723
lovins 248 0.195598 4 12909723
lovins 249 0.097483 4 12909723
lovins 250 0.000000 4 12909723
lovins 251 0.000000 4 12909723
lovins 252 0.775444 4 12909723
lovins 253 0.164109 4 12909723
lovins 254 0.215077 4 12909723
lovins 255 0.000000 4 12909723
lovins 256 0.747562 4 12909723
lovins 257 0.334356 4 12909723
lovins 258 0.000000 4 12909723
lovins 259 0.753033 4 12909723
lovins 260 0.377004 4 12909723
lovins 261 0.000000 4 12909723
lovins 262 0.464800 4 12909723
lovins 263 0.216588 4 12909723
lovins 264 0.000000 4 12909723
lovins 265 0.000000 4 12909723
lovins 266 0.861103 4 12909723
lovins 267 0.000000 4 12909723
lovins 268 0.000000 4 12909723
lovins 269 0.000000 4 12909723
lovins 270 0.315271 4 12909723
lovins 271 0.000000 4 12909723
lovins 272 0.000000 4 12909723
lovins 273 0.660362 4 12909723
lovins 274 0.000000 4 12909723
lovins 275 0.000000 4 12909723
lovins 276 0.789682 4 12909723
lovins 277 0.000000 4 12909723
lovins 278 0.000000 4 12909723
lovins 279 0.075275 4 12909723
lovins 280 0.279838 4 12909723
lovins 281 0.108300 4 12909723
lovins 282 0.388132 4 12909723
lovins 283 0.854740 4 12909723
lovins 284 0.845257 4 12909723
lovins 285 0.433175 4 12909723
lovins 286 0.000000 4 12909723
lovins 287 0.000000 4 12909723
lovins 288 0.164363 4 12909723
lovins 289 0.000000 4 12909723
lovins 290 0.129666 4 12909723
lovins 291 0.129223 4 12909723
lovins 292 0.649763 4 12909723
lovins 293 0.649763 4 12909723
lovins 294 0.000000 4 12909723
lovins 295 0.935961 4 12909723
lovins 296 0.324882 4 12909723
lovins 297 0.359632 4 12909723
lovins 298 0.279838 4 12909723
lovins 299 0.108323 4 12909723
lovins 300 0.000000 4 12909723
lovins amean 0.314590 4 12909723
wikt 201 0.366254 4 12909723
wikt 202 0.000000 4 12909723
wikt 203 0.409955 4 12909723
wikt 204 0.970586 4 12909723
wikt 205 0.251363 4 12909723
wikt 206 0.431995 4 12909723
wikt 207 0.154462 4 12909723
wikt 208 0.503466 4 12909723
wikt 209 0.179269 4 12909723
wikt 210 0.000000 4 12909723
wikt 211 0.917512 4 12909723
wikt 212 0.000000 4 12909723
wikt 213 0.420397 4 12909723
wikt 214 0.923382 4 12909723
wikt 215 0.084267 4 12909723
wikt 216 0.587926 4 12909723
wikt 217 0.686586 4 12909723
wikt 218 0.318778 4 12909723
wikt 219 0.000000 4 12909723
wikt 220 0.000000 4 12909723
wikt 221 0.518947 4 12909723
wikt 222 0.684823 4 12909723
wikt 223 0.333939 4 12909723
wikt 224 0.000000 4 12909723
wikt 225 0.417866 4 12909723
wikt 226 0.367738 4 12909723
wikt 227 0.838581 4 12909723
wikt 228 0.204977 4 12909723
wikt 229 0.903976 4 12909723
wikt 230 0.649763 4 12909723
wikt 231 0.607736 4 12909723
wikt 232 0.854740 4 12909723
wikt 233 0.049604 4 12909723
wikt 234 0.000000 4 12909723
wikt 235 0.000000 4 12909723
wikt 236 0.812204 4 12909723
wikt 237 0.056031 4 12909723
wikt 238 0.000000 4 12909723
wikt 239 0.604277 4 12909723
wikt 240 0.310499 4 12909723
wikt 241 0.907785 4 12909723
wikt 242 0.361444 4 12909723
wikt 243 0.432907 4 12909723
wikt 244 0.755568 4 12909723
wikt 245 0.071638 4 12909723
wikt 246 0.000000 4 12909723
wikt 247 0.000000 4 12909723
wikt 248 0.187824 4 12909723
wikt 249 0.097483 4 12909723
wikt 250 0.000000 4 12909723
wikt 251 0.000000 4 12909723
wikt 252 0.812204 4 12909723
wikt 253 0.164109 4 12909723
wikt 254 0.139110 4 12909723
wikt 255 0.000000 4 12909723
wikt 256 0.838581 4 12909723
wikt 257 0.334356 4 12909723
wikt 258 0.000000 4 12909723
wikt 259 0.809117 4 12909723
wikt 260 0.302807 4 12909723
wikt 261 0.000000 4 12909723
wikt 262 0.464800 4 12909723
wikt 263 0.216588 4 12909723
wikt 264 0.000000 4 12909723
wikt 265 0.000000 4 12909723
wikt 266 0.861103 4 12909723
wikt 267 0.000000 4 12909723
wikt 268 0.000000 4 12909723
wikt 269 0.000000 4 12909723
wikt 270 0.315271 4 12909723
wikt 271 0.000000 4 12909723
wikt 272 0.049451 4 12909723
wikt 273 0.000000 4 12909723
wikt 274 0.000000 4 12909723
wikt 275 0.000000 4 12909723
wikt 276 0.525680 4 12909723
wikt 277 0.000000 4 12909723
wikt 278 0.000000 4 12909723
wikt 279 0.178738 4 12909723
wikt 280 0.324882 4 12909723
wikt 281 0.115732 4 12909723
wikt 282 0.388132 4 12909723
wikt 283 0.854740 4 12909723
wikt 284 0.845257 4 12909723
wikt 285 0.433175 4 12909723
wikt 286 0.000000 4 12909723
wikt 287 0.000000 4 12909723
wikt 288 0.164363 4 12909723
wikt 289 0.000000 4 12909723
wikt 290 0.129666 4 12909723
wikt 291 0.072956 4 12909723
wikt 292 0.649763 4 12909723
wikt 293 0.649763 4 12909723
wikt 294 0.089160 4 12909723
wikt 295 0.935961 4 12909723
wikt 296 0.324882 4 12909723
wikt 297 0.357281 4 12909723
wikt 298 0.000000 4 12909723
wikt 299 0.108323 4 12909723
wikt 300 0.000000 4 12909723
wikt amean 0.306925 4 12909723
none 201 0.366254 4 12909723
none 202 0.000000 4 12909723
none 203 0.649763 4 12909723
none 204 0.969657 4 12909723
none 205 0.000000 4 12909723
none 206 0.441296 4 12909723
none 207 0.102167 4 12909723
none 208 0.503466 4 12909723
none 209 0.416249 4 12909723
none 210 0.295619 4 12909723
none 211 0.984893 4 12909723
none 212 0.106176 4 12909723
none 213 0.426931 4 12909723
none 214 0.909237 4 12909723
none 215 0.084267 4 12909723
none 216 0.596555 4 12909723
none 217 0.685514 4 12909723
none 218 0.188522 4 12909723
none 219 0.000000 4 12909723
none 220 0.000000 4 12909723
none 221 0.548285 4 12909723
none 222 0.685364 4 12909723
none 223 0.410901 4 12909723
none 224 0.000000 4 12909723
none 225 0.417866 4 12909723
none 226 0.367738 4 12909723
none 227 0.843829 4 12909723
none 228 0.000000 4 12909723
none 229 0.913584 4 12909723
none 230 0.649763 4 12909723
none 231 0.635236 4 12909723
none 232 0.812204 4 12909723
none 233 0.045453 4 12909723
none 234 0.402751 4 12909723
none 235 0.000000 4 12909723
none 236 0.612714 4 12909723
none 237 0.056031 4 12909723
none 238 0.000000 4 12909723
none 239 0.535499 4 12909723
none 240 0.314387 4 12909723
none 241 0.946512 4 12909723
none 242 0.361444 4 12909723
none 243 0.310052 4 12909723
none 244 0.755568 4 12909723
none 245 0.071638 4 12909723
none 246 0.000000 4 12909723
none 247 0.000000 4 12909723
none 248 0.279838 4 12909723
none 249 0.206184 4 12909723
none 250 0.000000 4 12909723
none 251 0.000000 4 12909723
none 252 0.812204 4 12909723
none 253 0.164109 4 12909723
none 254 0.139110 4 12909723
none 255 0.000000 4 12909723
none 256 0.812204 4 12909723
none 257 0.334356 4 12909723
none 258 0.000000 4 12909723
none 259 0.787212 4 12909723
none 260 0.377004 4 12909723
none 261 0.000000 4 12909723
none 262 0.251363 4 12909723
none 263 0.279838 4 12909723
none 264 0.000000 4 12909723
none 265 0.000000 4 12909723
none 266 0.870066 4 12909723
none 267 0.000000 4 12909723
none 268 0.000000 4 12909723
none 269 0.000000 4 12909723
none 270 0.315271 4 12909723
none 271 0.000000 4 12909723
none 272 0.059790 4 12909723
none 273 0.000000 4 12909723
none 274 0.000000 4 12909723
none 275 0.000000 4 12909723
none 276 0.649763 4 12909723
none 277 0.000000 4 12909723
none 278 0.000000 4 12909723
none 279 0.075275 4 12909723
none 280 0.279838 4 12909723
none 281 0.093918 4 12909723
none 282 0.000000 4 12909723
none 283 0.812204 4 12909723
none 284 0.956120 4 12909723
none 285 0.000000 4 12909723
none 286 0.000000 4 12909723
none 287 0.000000 4 12909723
none 288 0.164363 4 12909723
none 289 0.000000 4 12909723
none 290 0.129666 4 12909723
none 291 0.059204 4 12909723
none 292 0.649763 4 12909723
none 293 0.000000 4 12909723
none 294 0.148091 4 12909723
none 295 0.924700 4 12909723
none 296 0.409955 4 12909723
none 297 0.362542 4 12909723
none 298 0.000000 4 12909723
none 299 0.108323 4 12909723
none 300 0.000000 4 12909723
none amean 0.299357 4 12909723
