stemmer qid ndcg n collectionSize
paiceHusk 201 0.290968 16 3227227
paiceHusk 202 0.000000 16 3227227
paiceHusk 203 0.649763 16 3227227
paiceHusk 204 0.000000 16 3227227
paiceHusk 205 0.000000 16 3227227
paiceHusk 206 0.000000 16 3227227
paiceHusk 207 0.000000 16 3227227
paiceHusk 208 0.325950 16 3227227
paiceHusk 209 0.000000 16 3227227
paiceHusk 210 0.381719 16 3227227
paiceHusk 211 0.963034 16 3227227
paiceHusk 212 0.097291 16 3227227
paiceHusk 213 0.447331 16 3227227
paiceHusk 214 0.572396 16 3227227
paiceHusk 215 0.000000 16 3227227
paiceHusk 216 0.520692 16 3227227
paiceHusk 217 0.854740 16 3227227
paiceHusk 218 0.000000 16 3227227
paiceHusk 219 0.000000 16 3227227
paiceHusk 220 0.000000 16 3227227
paiceHusk 221 0.819635 16 3227227
paiceHusk 222 0.711144 16 3227227
paiceHusk 223 0.409955 16 3227227
paiceHusk 224 0.000000 16 3227227
paiceHusk 225 0.188861 16 3227227
paiceHusk 226 0.400436 16 3227227
paiceHusk 227 0.433175 16 3227227
paiceHusk 228 0.649763 16 3227227
paiceHusk 229 0.359656 16 3227227
paiceHusk 230 0.000000 16 3227227
paiceHusk 231 0.000000 16 3227227
paiceHusk 232 0.854740 16 3227227
paiceHusk 233 0.000000 16 3227227
paiceHusk 234 0.388132 16 3227227
paiceHusk 235 0.000000 16 3227227
paiceHusk 236 0.000000 16 3227227
paiceHusk 237 0.000000 16 3227227
paiceHusk 238 0.000000 16 3227227
paiceHusk 239 0.775444 16 3227227
paiceHusk 240 0.000000 16 3227227
paiceHusk 241 0.000000 16 3227227
paiceHusk 242 0.361444 16 3227227
paiceHusk 243 0.063369 16 3227227
paiceHusk 244 0.652627 16 3227227
paiceHusk 245 0.048082 16 3227227
paiceHusk 246 0.000000 16 3227227
paiceHusk 247 0.049858 16 3227227
paiceHusk 248 0.000000 16 3227227
paiceHusk 249 0.323757 16 3227227
paiceHusk 250 0.000000 16 3227227
paiceHusk 251 0.000000 16 3227227
paiceHusk 252 0.000000 16 3227227
paiceHusk 253 0.000000 16 3227227
paiceHusk 254 0.000000 16 3227227
paiceHusk 255 0.000000 16 3227227
paiceHusk 256 0.324882 16 3227227
paiceHusk 257 0.000000 16 3227227
paiceHusk 258 0.000000 16 3227227
paiceHusk 259 0.712284 16 3227227
paiceHusk 260 0.000000 16 3227227
paiceHusk 261 0.000000 16 3227227
paiceHusk 262 0.000000 16 3227227
paiceHusk 263 0.000000 16 3227227
paiceHusk 264 0.000000 16 3227227
paiceHusk 265 0.000000 16 3227227
paiceHusk 266 0.000000 16 3227227
paiceHusk 267 0.000000 16 3227227
paiceHusk 268 0.000000 16 3227227
paiceHusk 269 0.000000 16 3227227
paiceHusk 270 0.589788 16 3227227
paiceHusk 271 0.000000 16 3227227
paiceHusk 272 0.092551 16 3227227
paiceHusk 273 0.000000 16 3227227
paiceHusk 274 0.000000 16 3227227
paiceHusk 275 0.000000 16 3227227
paiceHusk 276 0.450563 16 3227227
paiceHusk 277 0.000000 16 3227227
paiceHusk 278 0.000000 16 3227227
paiceHusk 279 0.000000 16 3227227
paiceHusk 280 0.231450 16 3227227
paiceHusk 281 0.162451 16 3227227
paiceHusk 282 0.000000 16 3227227
paiceHusk 283 0.000000 16 3227227
paiceHusk 284 0.000000 16 3227227
paiceHusk 285 0.000000 16 3227227
paiceHusk 286 0.000000 16 3227227
paiceHusk 287 0.000000 16 3227227
paiceHusk 288 0.000000 16 3227227
paiceHusk 289 0.000000 16 3227227
paiceHusk 290 0.000000 16 3227227
paiceHusk 291 0.088208 16 3227227
paiceHusk 292 0.000000 16 3227227
paiceHusk 293 0.649763 16 3227227
paiceHusk 294 0.000000 16 3227227
paiceHusk 295 0.649763 16 3227227
paiceHusk 296 0.000000 16 3227227
paiceHusk 297 0.000000 16 3227227
paiceHusk 298 0.000000 16 3227227
paiceHusk 299 0.000000 16 3227227
paiceHusk 300 0.000000 16 3227227
paiceHusk amean 0.165457 16 3227227
krovetz 201 0.290968 16 3227227
krovetz 202 0.000000 16 3227227
krovetz 203 0.000000 16 3227227
krovetz 204 0.000000 16 3227227
krovetz 205 0.000000 16 3227227
krovetz 206 0.000000 16 3227227
krovetz 207 0.000000 16 3227227
krovetz 208 0.325950 16 3227227
krovetz 209 0.000000 16 3227227
krovetz 210 0.381719 16 3227227
krovetz 211 0.963034 16 3227227
krovetz 212 0.101318 16 3227227
krovetz 213 0.447331 16 3227227
krovetz 214 0.572396 16 3227227
krovetz 215 0.000000 16 3227227
krovetz 216 0.601117 16 3227227
krovetz 217 0.854740 16 3227227
krovetz 218 0.000000 16 3227227
krovetz 219 0.000000 16 3227227
krovetz 220 0.000000 16 3227227
krovetz 221 0.673775 16 3227227
krovetz 222 0.711144 16 3227227
krovetz 223 0.409955 16 3227227
krovetz 224 0.000000 16 3227227
krovetz 225 0.188861 16 3227227
krovetz 226 0.400436 16 3227227
krovetz 227 0.440607 16 3227227
krovetz 228 0.409955 16 3227227
krovetz 229 0.359656 16 3227227
krovetz 230 0.000000 16 3227227
krovetz 231 0.000000 16 3227227
krovetz 232 0.854740 16 3227227
krovetz 233 0.000000 16 3227227
krovetz 234 0.388132 16 3227227
krovetz 235 0.000000 16 3227227
krovetz 236 0.000000 16 3227227
krovetz 237 0.000000 16 3227227
krovetz 238 0.000000 16 3227227
krovetz 239 0.775444 16 3227227
krovetz 240 0.251363 16 3227227
krovetz 241 0.000000 16 3227227
krovetz 242 0.361444 16 3227227
krovetz 243 0.063369 16 3227227
krovetz 244 0.652627 16 3227227
krovetz 245 0.048082 16 3227227
krovetz 246 0.000000 16 3227227
krovetz 247 0.052249 16 3227227
krovetz 248 0.279838 16 3227227
krovetz 249 0.333987 16 3227227
krovetz 250 0.000000 16 3227227
krovetz 251 0.000000 16 3227227
krovetz 252 0.000000 16 3227227
krovetz 253 0.000000 16 3227227
krovetz 254 0.000000 16 3227227
krovetz 255 0.000000 16 3227227
krovetz 256 0.854740 16 3227227
krovetz 257 0.000000 16 3227227
krovetz 258 0.000000 16 3227227
krovetz 259 0.712284 16 3227227
krovetz 260 0.000000 16 3227227
krovetz 261 0.000000 16 3227227
krovetz 262 0.000000 16 3227227
krovetz 263 0.000000 16 3227227
krovetz 264 0.000000 16 3227227
krovetz 265 0.000000 16 3227227
krovetz 266 0.000000 16 3227227
krovetz 267 0.000000 16 3227227
krovetz 268 0.000000 16 3227227
krovetz 269 0.000000 16 3227227
krovetz 270 0.589788 16 3227227
krovetz 271 0.000000 16 3227227
krovetz 272 0.098902 16 3227227
krovetz 273 0.000000 16 3227227
krovetz 274 0.000000 16 3227227
krovetz 275 0.000000 16 3227227
krovetz 276 0.812204 16 3227227
krovetz 277 0.000000 16 3227227
krovetz 278 0.000000 16 3227227
krovetz 279 0.000000 16 3227227
krovetz 280 0.231450 16 3227227
krovetz 281 0.162451 16 3227227
krovetz 282 0.000000 16 3227227
krovetz 283 0.000000 16 3227227
krovetz 284 0.000000 16 3227227
krovetz 285 0.000000 16 3227227
krovetz 286 0.000000 16 3227227
krovetz 287 0.000000 16 3227227
krovetz 288 0.000000 16 3227227
krovetz 289 0.000000 16 3227227
krovetz 290 0.000000 16 3227227
krovetz 291 0.088208 16 3227227
krovetz 292 0.000000 16 3227227
krovetz 293 0.649763 16 3227227
krovetz 294 0.000000 16 3227227
krovetz 295 0.649763 16 3227227
krovetz 296 0.000000 16 3227227
krovetz 297 0.000000 16 3227227
krovetz 298 0.000000 16 3227227
krovetz 299 0.000000 16 3227227
krovetz 300 0.000000 16 3227227
krovetz amean 0.170438 16 3227227
sStripping 201 0.290968 16 3227227
sStripping 202 0.000000 16 3227227
sStripping 203 0.649763 16 3227227
sStripping 204 0.000000 16 3227227
sStripping 205 0.000000 16 3227227
sStripping 206 0.000000 16 3227227
sStripping 207 0.000000 16 3227227
sStripping 208 0.325950 16 3227227
sStripping 209 0.000000 16 3227227
sStripping 210 0.381719 16 3227227
sStripping 211 0.963034 16 3227227
sStripping 212 0.097291 16 3227227
sStripping 213 0.447331 16 3227227
sStripping 214 0.572396 16 3227227
sStripping 215 0.000000 16 3227227
sStripping 216 0.426277 16 3227227
sStripping 217 0.854740 16 3227227
sStripping 218 0.000000 16 3227227
sStripping 219 0.000000 16 3227227
sStripping 220 0.000000 16 3227227
sStripping 221 0.673775 16 3227227
sStripping 222 0.711144 16 3227227
sStripping 223 0.409955 16 3227227
sStripping 224 0.000000 16 3227227
sStripping 225 0.188861 16 3227227
sStripping 226 0.400436 16 3227227
sStripping 227 0.450563 16 3227227
sStripping 228 0.649763 16 3227227
sStripping 229 0.231450 16 3227227
sStripping 230 0.000000 16 3227227
sStripping 231 0.000000 16 3227227
sStripping 232 0.854740 16 3227227
sStripping 233 0.000000 16 3227227
sStripping 234 0.388132 16 3227227
sStripping 235 0.000000 16 3227227
sStripping 236 0.000000 16 3227227
sStripping 237 0.000000 16 3227227
sStripping 238 0.000000 16 3227227
sStripping 239 0.649763 16 3227227
sStripping 240 0.251363 16 3227227
sStripping 241 0.000000 16 3227227
sStripping 242 0.361444 16 3227227
sStripping 243 0.063369 16 3227227
sStripping 244 0.652627 16 3227227
sStripping 245 0.048082 16 3227227
sStripping 246 0.000000 16 3227227
sStripping 247 0.058997 16 3227227
sStripping 248 0.324882 16 3227227
sStripping 249 0.323757 16 3227227
sStripping 250 0.000000 16 3227227
sStripping 251 0.000000 16 3227227
sStripping 252 0.000000 16 3227227
sStripping 253 0.000000 16 3227227
sStripping 254 0.000000 16 3227227
sStripping 255 0.000000 16 3227227
sStripping 256 0.854740 16 3227227
sStripping 257 0.000000 16 3227227
sStripping 258 0.000000 16 3227227
sStripping 259 0.712284 16 3227227
sStripping 260 0.000000 16 3227227
sStripping 261 0.000000 16 3227227
sStripping 262 0.000000 16 3227227
sStripping 263 0.000000 16 3227227
sStripping 264 0.000000 16 3227227
sStripping 265 0.000000 16 3227227
sStripping 266 0.000000 16 3227227
sStripping 267 0.000000 16 3227227
sStripping 268 0.000000 16 3227227
sStripping 269 0.000000 16 3227227
sStripping 270 0.589788 16 3227227
sStripping 271 0.000000 16 3227227
sStripping 272 0.098902 16 3227227
sStripping 273 0.000000 16 3227227
sStripping 274 0.000000 16 3227227
sStripping 275 0.000000 16 3227227
sStripping 276 0.775444 16 3227227
sStripping 277 0.000000 16 3227227
sStripping 278 0.000000 16 3227227
sStripping 279 0.000000 16 3227227
sStripping 280 0.231450 16 3227227
sStripping 281 0.162451 16 3227227
sStripping 282 0.000000 16 3227227
sStripping 283 0.000000 16 3227227
sStripping 284 0.000000 16 3227227
sStripping 285 0.000000 16 3227227
sStripping 286 0.000000 16 3227227
sStripping 287 0.000000 16 3227227
sStripping 288 0.000000 16 3227227
sStripping 289 0.000000 16 3227227
sStripping 290 0.000000 16 3227227
sStripping 291 0.068271 16 3227227
sStripping 292 0.000000 16 3227227
sStripping 293 0.000000 16 3227227
sStripping 294 0.057290 16 3227227
sStripping 295 0.649763 16 3227227
sStripping 296 0.000000 16 3227227
sStripping 297 0.000000 16 3227227
sStripping 298 0.251363 16 3227227
sStripping 299 0.000000 16 3227227
sStripping 300 0.000000 16 3227227
sStripping amean 0.171543 16 3227227
porter2 201 0.290968 16 3227227
porter2 202 0.000000 16 3227227
porter2 203 0.649763 16 3227227
porter2 204 0.000000 16 3227227
porter2 205 0.000000 16 3227227
porter2 206 0.000000 16 3227227
porter2 207 0.000000 16 3227227
porter2 208 0.325950 16 3227227
porter2 209 0.000000 16 3227227
porter2 210 0.381719 16 3227227
porter2 211 0.963034 16 3227227
porter2 212 0.101318 16 3227227
porter2 213 0.447331 16 3227227
porter2 214 0.572396 16 3227227
porter2 215 0.000000 16 3227227
porter2 216 0.520692 16 3227227
porter2 217 0.854740 16 3227227
porter2 218 0.000000 16 3227227
porter2 219 0.000000 16 3227227
porter2 220 0.000000 16 3227227
porter2 221 0.673775 16 3227227
porter2 222 0.711144 16 3227227
porter2 223 0.409955 16 3227227
porter2 224 0.000000 16 3227227
porter2 225 0.188861 16 3227227
porter2 226 0.400436 16 3227227
porter2 227 0.433175 16 3227227
porter2 228 0.649763 16 3227227
porter2 229 0.359656 16 3227227
porter2 230 0.000000 16 3227227
porter2 231 0.000000 16 3227227
porter2 232 0.854740 16 3227227
porter2 233 0.000000 16 3227227
porter2 234 0.388132 16 3227227
porter2 235 0.000000 16 3227227
porter2 236 0.000000 16 3227227
porter2 237 0.000000 16 3227227
porter2 238 0.000000 16 3227227
porter2 239 0.649763 16 3227227
porter2 240 0.251363 16 3227227
porter2 241 0.000000 16 3227227
porter2 242 0.361444 16 3227227
porter2 243 0.063369 16 3227227
porter2 244 0.652627 16 3227227
porter2 245 0.048082 16 3227227
porter2 246 0.000000 16 3227227
porter2 247 0.049858 16 3227227
porter2 248 0.324882 16 3227227
porter2 249 0.323757 16 3227227
porter2 250 0.000000 16 3227227
porter2 251 0.000000 16 3227227
porter2 252 0.000000 16 3227227
porter2 253 0.000000 16 3227227
porter2 254 0.000000 16 3227227
porter2 255 0.000000 16 3227227
porter2 256 0.854740 16 3227227
porter2 257 0.000000 16 3227227
porter2 258 0.000000 16 3227227
porter2 259 0.712284 16 3227227
porter2 260 0.000000 16 3227227
porter2 261 0.000000 16 3227227
porter2 262 0.000000 16 3227227
porter2 263 0.000000 16 3227227
porter2 264 0.000000 16 3227227
porter2 265 0.000000 16 3227227
porter2 266 0.000000 16 3227227
porter2 267 0.000000 16 3227227
porter2 268 0.000000 16 3227227
porter2 269 0.000000 16 3227227
porter2 270 0.589788 16 3227227
porter2 271 0.000000 16 3227227
porter2 272 0.092551 16 3227227
porter2 273 0.483570 16 3227227
porter2 274 0.000000 16 3227227
porter2 275 0.000000 16 3227227
porter2 276 0.854740 16 3227227
porter2 277 0.000000 16 3227227
porter2 278 0.000000 16 3227227
porter2 279 0.000000 16 3227227
porter2 280 0.231450 16 3227227
porter2 281 0.162451 16 3227227
porter2 282 0.000000 16 3227227
porter2 283 0.000000 16 3227227
porter2 284 0.000000 16 3227227
porter2 285 0.000000 16 3227227
porter2 286 0.000000 16 3227227
porter2 287 0.000000 16 3227227
porter2 288 0.000000 16 3227227
porter2 289 0.000000 16 3227227
porter2 290 0.000000 16 3227227
porter2 291 0.088208 16 3227227
porter2 292 0.000000 16 3227227
porter2 293 0.649763 16 3227227
porter2 294 0.000000 16 3227227
porter2 295 0.649763 16 3227227
porter2 296 0.000000 16 3227227
porter2 297 0.000000 16 3227227
porter2 298 0.409955 16 3227227
porter2 299 0.000000 16 3227227
porter2 300 0.000000 16 3227227
porter2 amean 0.186820 16 3227227
lovins 201 0.192875 16 3227227
lovins 202 0.000000 16 3227227
lovins 203 0.649763 16 3227227
lovins 204 0.000000 16 3227227
lovins 205 0.000000 16 3227227
lovins 206 0.000000 16 3227227
lovins 207 0.000000 16 3227227
lovins 208 0.325950 16 3227227
lovins 209 0.000000 16 3227227
lovins 210 0.381719 16 3227227
lovins 211 0.963034 16 3227227
lovins 212 0.097291 16 3227227
lovins 213 0.447331 16 3227227
lovins 214 0.572396 16 3227227
lovins 215 0.000000 16 3227227
lovins 216 0.438214 16 3227227
lovins 217 0.854740 16 3227227
lovins 218 0.000000 16 3227227
lovins 219 0.000000 16 3227227
lovins 220 0.000000 16 3227227
lovins 221 0.673775 16 3227227
lovins 222 0.711144 16 3227227
lovins 223 0.409955 16 3227227
lovins 224 0.000000 16 3227227
lovins 225 0.203511 16 3227227
lovins 226 0.400436 16 3227227
lovins 227 0.450563 16 3227227
lovins 228 0.279838 16 3227227
lovins 229 0.395563 16 3227227
lovins 230 0.000000 16 3227227
lovins 231 0.000000 16 3227227
lovins 232 0.854740 16 3227227
lovins 233 0.000000 16 3227227
lovins 234 0.382326 16 3227227
lovins 235 0.000000 16 3227227
lovins 236 0.000000 16 3227227
lovins 237 0.000000 16 3227227
lovins 238 0.000000 16 3227227
lovins 239 0.775444 16 3227227
lovins 240 0.000000 16 3227227
lovins 241 0.000000 16 3227227
lovins 242 0.361444 16 3227227
lovins 243 0.063369 16 3227227
lovins 244 0.652627 16 3227227
lovins 245 0.048082 16 3227227
lovins 246 0.000000 16 3227227
lovins 247 0.000000 16 3227227
lovins 248 0.324882 16 3227227
lovins 249 0.262664 16 3227227
lovins 250 0.000000 16 3227227
lovins 251 0.000000 16 3227227
lovins 252 0.000000 16 3227227
lovins 253 0.000000 16 3227227
lovins 254 0.000000 16 3227227
lovins 255 0.000000 16 3227227
lovins 256 0.812204 16 3227227
lovins 257 0.000000 16 3227227
lovins 258 0.000000 16 3227227
lovins 259 0.712284 16 3227227
lovins 260 0.000000 16 3227227
lovins 261 0.000000 16 3227227
lovins 262 0.000000 16 3227227
lovins 263 0.000000 16 3227227
lovins 264 0.000000 16 3227227
lovins 265 0.000000 16 3227227
lovins 266 0.000000 16 3227227
lovins 267 0.000000 16 3227227
lovins 268 0.000000 16 3227227
lovins 269 0.000000 16 3227227
lovins 270 0.589788 16 3227227
lovins 271 0.000000 16 3227227
lovins 272 0.092551 16 3227227
lovins 273 0.483570 16 3227227
lovins 274 0.000000 16 3227227
lovins 275 0.000000 16 3227227
lovins 276 0.854740 16 3227227
lovins 277 0.000000 16 3227227
lovins 278 0.000000 16 3227227
lovins 279 0.000000 16 3227227
lovins 280 0.231450 16 3227227
lovins 281 0.162451 16 3227227
lovins 282 0.000000 16 3227227
lovins 283 0.000000 16 3227227
lovins 284 0.000000 16 3227227
lovins 285 0.000000 16 3227227
lovins 286 0.000000 16 3227227
lovins 287 0.000000 16 3227227
lovins 288 0.000000 16 3227227
lovins 289 0.000000 16 3227227
lovins 290 0.000000 16 3227227
lovins 291 0.129223 16 3227227
lovins 292 0.000000 16 3227227
lovins 293 0.649763 16 3227227
lovins 294 0.000000 16 3227227
lovins 295 0.649763 16 3227227
lovins 296 0.000000 16 3227227
lovins 297 0.000000 16 3227227
lovins 298 0.195598 16 3227227
lovins 299 0.000000 16 3227227
lovins 300 0.000000 16 3227227
lovins amean 0.177371 16 3227227
wikt 201 0.290968 16 3227227
wikt 202 0.000000 16 3227227
wikt 203 0.649763 16 3227227
wikt 204 0.000000 16 3227227
wikt 205 0.000000 16 3227227
wikt 206 0.000000 16 3227227
wikt 207 0.000000 16 3227227
wikt 208 0.325950 16 3227227
wikt 209 0.000000 16 3227227
wikt 210 0.000000 16 3227227
wikt 211 0.847544 16 3227227
wikt 212 0.101318 16 3227227
wikt 213 0.447331 16 3227227
wikt 214 0.572396 16 3227227
wikt 215 0.000000 16 3227227
wikt 216 0.520692 16 3227227
wikt 217 0.854740 16 3227227
wikt 218 0.000000 16 3227227
wikt 219 0.000000 16 3227227
wikt 220 0.000000 16 3227227
wikt 221 0.673775 16 3227227
wikt 222 0.711144 16 3227227
wikt 223 0.409955 16 3227227
wikt 224 0.000000 16 3227227
wikt 225 0.226685 16 3227227
wikt 226 0.400436 16 3227227
wikt 227 0.433175 16 3227227
wikt 228 0.409955 16 3227227
wikt 229 0.359656 16 3227227
wikt 230 0.000000 16 3227227
wikt 231 0.000000 16 3227227
wikt 232 0.854740 16 3227227
wikt 233 0.000000 16 3227227
wikt 234 0.000000 16 3227227
wikt 235 0.000000 16 3227227
wikt 236 0.000000 16 3227227
wikt 237 0.000000 16 3227227
wikt 238 0.000000 16 3227227
wikt 239 0.775444 16 3227227
wikt 240 0.000000 16 3227227
wikt 241 0.000000 16 3227227
wikt 242 0.361444 16 3227227
wikt 243 0.063369 16 3227227
wikt 244 0.652627 16 3227227
wikt 245 0.048082 16 3227227
wikt 246 0.000000 16 3227227
wikt 247 0.049858 16 3227227
wikt 248 0.279838 16 3227227
wikt 249 0.270929 16 3227227
wikt 250 0.000000 16 3227227
wikt 251 0.000000 16 3227227
wikt 252 0.000000 16 3227227
wikt 253 0.000000 16 3227227
wikt 254 0.000000 16 3227227
wikt 255 0.000000 16 3227227
wikt 256 0.854740 16 3227227
wikt 257 0.000000 16 3227227
wikt 258 0.000000 16 3227227
wikt 259 0.712284 16 3227227
wikt 260 0.000000 16 3227227
wikt 261 0.000000 16 3227227
wikt 262 0.000000 16 3227227
wikt 263 0.000000 16 3227227
wikt 264 0.000000 16 3227227
wikt 265 0.000000 16 3227227
wikt 266 0.000000 16 3227227
wikt 267 0.000000 16 3227227
wikt 268 0.000000 16 3227227
wikt 269 0.000000 16 3227227
wikt 270 0.589788 16 3227227
wikt 271 0.000000 16 3227227
wikt 272 0.000000 16 3227227
wikt 273 0.000000 16 3227227
wikt 274 0.000000 16 3227227
wikt 275 0.000000 16 3227227
wikt 276 0.854740 16 3227227
wikt 277 0.000000 16 3227227
wikt 278 0.000000 16 3227227
wikt 279 0.000000 16 3227227
wikt 280 0.231450 16 3227227
wikt 281 0.162451 16 3227227
wikt 282 0.000000 16 3227227
wikt 283 0.000000 16 3227227
wikt 284 0.000000 16 3227227
wikt 285 0.000000 16 3227227
wikt 286 0.000000 16 3227227
wikt 287 0.000000 16 3227227
wikt 288 0.000000 16 3227227
wikt 289 0.000000 16 3227227
wikt 290 0.000000 16 3227227
wikt 291 0.129223 16 3227227
wikt 292 0.000000 16 3227227
wikt 293 0.649763 16 3227227
wikt 294 0.000000 16 3227227
wikt 295 0.649763 16 3227227
wikt 296 0.000000 16 3227227
wikt 297 0.000000 16 3227227
wikt 298 0.000000 16 3227227
wikt 299 0.000000 16 3227227
wikt 300 0.000000 16 3227227
wikt amean 0.164260 16 3227227
none 201 0.290968 16 3227227
none 202 0.000000 16 3227227
none 203 0.649763 16 3227227
none 204 0.000000 16 3227227
none 205 0.000000 16 3227227
none 206 0.000000 16 3227227
none 207 0.000000 16 3227227
none 208 0.325950 16 3227227
none 209 0.000000 16 3227227
none 210 0.381719 16 3227227
none 211 0.963034 16 3227227
none 212 0.000000 16 3227227
none 213 0.447331 16 3227227
none 214 0.572396 16 3227227
none 215 0.000000 16 3227227
none 216 0.426277 16 3227227
none 217 0.854740 16 3227227
none 218 0.000000 16 3227227
none 219 0.000000 16 3227227
none 220 0.000000 16 3227227
none 221 0.638337 16 3227227
none 222 0.711144 16 3227227
none 223 0.409955 16 3227227
none 224 0.000000 16 3227227
none 225 0.188861 16 3227227
none 226 0.400436 16 3227227
none 227 0.450563 16 3227227
none 228 0.324882 16 3227227
none 229 0.231450 16 3227227
none 230 0.000000 16 3227227
none 231 0.000000 16 3227227
none 232 0.854740 16 3227227
none 233 0.000000 16 3227227
none 234 0.388132 16 3227227
none 235 0.000000 16 3227227
none 236 0.000000 16 3227227
none 237 0.000000 16 3227227
none 238 0.000000 16 3227227
none 239 0.649763 16 3227227
none 240 0.251363 16 3227227
none 241 0.000000 16 3227227
none 242 0.361444 16 3227227
none 243 0.070548 16 3227227
none 244 0.652627 16 3227227
none 245 0.059251 16 3227227
none 246 0.000000 16 3227227
none 247 0.058997 16 3227227
none 248 0.649763 16 3227227
none 249 0.143137 16 3227227
none 250 0.000000 16 3227227
none 251 0.000000 16 3227227
none 252 0.000000 16 3227227
none 253 0.000000 16 3227227
none 254 0.000000 16 3227227
none 255 0.000000 16 3227227
none 256 0.812204 16 3227227
none 257 0.000000 16 3227227
none 258 0.000000 16 3227227
none 259 0.712284 16 3227227
none 260 0.000000 16 3227227
none 261 0.000000 16 3227227
none 262 0.000000 16 3227227
none 263 0.000000 16 3227227
none 264 0.000000 16 3227227
none 265 0.000000 16 3227227
none 266 0.000000 16 3227227
none 267 0.000000 16 3227227
none 268 0.000000 16 3227227
none 269 0.000000 16 3227227
none 270 0.589788 16 3227227
none 271 0.000000 16 3227227
none 272 0.000000 16 3227227
none 273 0.000000 16 3227227
none 274 0.000000 16 3227227
none 275 0.000000 16 3227227
none 276 0.812204 16 3227227
none 277 0.000000 16 3227227
none 278 0.000000 16 3227227
none 279 0.000000 16 3227227
none 280 0.279838 16 3227227
none 281 0.162451 16 3227227
none 282 0.000000 16 3227227
none 283 0.000000 16 3227227
none 284 0.000000 16 3227227
none 285 0.000000 16 3227227
none 286 0.000000 16 3227227
none 287 0.000000 16 3227227
none 288 0.000000 16 3227227
none 289 0.000000 16 3227227
none 290 0.000000 16 3227227
none 291 0.088208 16 3227227
none 292 0.000000 16 3227227
none 293 0.000000 16 3227227
none 294 0.093435 16 3227227
none 295 0.649763 16 3227227
none 296 0.000000 16 3227227
none 297 0.000000 16 3227227
none 298 0.251363 16 3227227
none 299 0.000000 16 3227227
none 300 0.000000 16 3227227
none amean 0.168591 16 3227227
