alpha-DCG@10
0.504533
0.054147
0.684823
0.552233
0.000000
0.402460
0.228483
0.592426
0.176243
0.230149
0.682262
0.000000
0.482851
0.986750
0.100087
0.508672
0.937752
0.568061
0.000000
0.000000
0.980289
0.661574
0.661295
0.752252
0.284913
0.249818
0.934510
0.666805
0.652599
0.619352
0.412122
0.992175
0.000000
0.640209
0.093912
0.993818
0.669027
0.000000
0.449710
0.204977
0.963578
0.198344
0.690123
0.300262
0.151611
0.000000
0.000000
0.000000
0.197357
0.000000
0.204977
0.990883
0.467544
0.416268
0.000000
0.000000
0.411130
0.376126
0.800914
0.000000
0.649763
0.431226
0.279838
0.518249
0.000000
0.866351
0.231450
0.747562
0.000000
0.157400
0.649763
0.127752
0.000000
0.000000
0.119556
0.000000
0.000000
0.071818
0.490324
0.324882
0.111330
0.459666
0.985406
0.998614
0.759243
0.649763
0.409955
0.517348
0.000000
0.334540
0.419906
0.970941
0.503867
0.064976
0.406316
0.985406
0.767994
0.000000
0.363457
0.000000
0.401551
alpha-DCG@10
0.463243
0.054147
0.649763
0.537178
0.204977
0.461728
0.230141
0.592426
0.185920
0.237974
0.682262
0.000000
0.482851
0.976630
0.124594
0.508982
0.683091
0.568061
0.000000
0.000000
0.995231
0.661574
0.693182
0.854740
0.284913
0.193670
0.946512
0.421235
0.652599
0.572396
0.928049
0.992175
0.000000
0.641868
0.102489
0.990258
0.640853
0.195598
0.421235
0.000000
0.993524
0.198344
0.690123
0.300262
0.151611
0.000000
0.000000
0.000000
0.197357
0.000000
0.187824
0.996940
0.458740
0.385527
0.000000
0.991276
0.411717
0.245588
0.825351
0.361606
0.649763
0.376205
0.395563
0.409955
0.000000
0.866351
0.231450
0.649763
0.000000
0.140385
0.000000
0.195725
0.000000
0.075129
0.081991
0.310499
0.000000
0.071818
0.429422
0.279838
0.111330
0.459666
0.985406
0.998614
0.759243
0.649763
0.649763
0.519578
0.000000
0.334540
0.419906
0.970941
0.518249
0.064976
0.432034
0.981847
0.743544
0.000000
0.363457
0.000000
0.413550
alpha-DCG@10
0.504533
0.054147
0.671286
0.520608
0.187824
0.913324
0.180502
0.592426
0.185920
0.174351
0.574667
0.000000
0.481117
0.932953
0.132420
0.580354
0.683817
0.568061
0.000000
0.000000
0.991671
0.656398
0.693182
0.758057
0.270735
0.250112
0.946512
0.626543
0.884906
0.572396
0.694353
0.994868
0.000000
0.641382
0.139919
0.990258
0.640853
0.195598
0.537178
0.452475
0.984477
0.198344
0.659337
0.300262
0.151611
0.000000
0.000000
0.000000
0.196038
0.000000
0.000000
0.996940
0.359571
0.385527
0.000000
0.985406
0.459920
0.376126
0.812653
0.356506
0.649763
0.000000
0.382326
0.649763
0.000000
0.866351
0.279838
0.743675
0.000000
0.140385
0.000000
0.132611
0.000000
0.075129
0.121111
0.775444
0.000000
0.066129
0.393169
0.279838
0.113286
0.459666
0.970941
0.999633
0.599371
0.649763
0.649763
0.517154
0.000000
0.334540
0.419906
0.970941
0.000000
0.000000
0.460509
0.964892
0.767022
0.000000
0.363457
0.000000
0.418948
alpha-DCG@10
0.499212
0.054147
0.684823
0.552233
0.298889
0.402460
0.180780
0.592426
0.185920
0.237656
0.682262
0.000000
0.479791
0.966513
0.088496
0.508982
0.925834
0.568061
0.000000
0.000000
0.994868
0.661963
0.693182
0.854740
0.284913
0.251497
0.946512
0.626543
0.652599
0.937053
0.928049
0.992175
0.075129
0.641868
0.102489
0.990258
0.640853
0.195598
0.508425
0.000000
0.993524
0.198344
0.659337
0.300262
0.151611
0.000000
0.000000
0.000000
0.196038
0.000000
0.204977
0.996940
0.458740
0.360193
0.000000
0.991276
0.411717
0.245588
0.825766
0.395403
0.649763
0.396118
0.395563
0.409955
0.000000
0.866351
0.231450
0.649763
0.000000
0.140385
0.187824
0.195014
0.716341
0.039120
0.119556
0.497519
0.000000
0.066129
0.426519
0.279838
0.113286
0.459666
0.985406
0.998614
0.759243
0.649763
0.649763
0.517348
0.000000
0.334540
0.419906
0.967381
0.649763
0.064976
0.432034
0.981847
0.767994
0.463382
0.363457
0.000000
0.441225
alpha-DCG@10
0.298742
0.051244
0.671286
0.000000
0.000000
0.532981
0.181529
0.592426
0.185920
0.228213
0.682262
0.000000
0.482897
0.978097
0.089277
0.570666
0.980048
0.566749
0.000000
0.000000
0.995231
0.623281
0.661295
0.854740
0.190799
0.250112
0.946512
0.000000
0.567526
0.937053
0.688241
0.992175
0.000000
0.837866
0.102489
0.992799
0.639915
0.000000
0.421235
0.187824
0.990347
0.198344
0.670015
0.300262
0.151611
0.000000
0.000000
0.000000
0.128955
0.000000
0.000000
0.993884
0.458740
0.360193
0.000000
0.967381
0.411717
0.245588
0.667626
0.413421
0.649763
0.231450
0.418793
0.409955
0.000000
0.866351
0.231450
0.649763
0.000000
0.140385
0.649763
0.072855
0.719793
0.075129
0.000000
0.433175
0.000000
0.066129
0.426519
0.279838
0.111330
0.418332
0.985406
0.998614
0.759243
0.649763
0.649763
0.517154
0.000000
0.334540
0.419906
0.970941
0.649763
0.064976
0.432034
0.964892
0.767994
0.216588
0.363457
0.000000
0.415353
alpha-DCG@10
0.463243
0.048900
0.685514
0.522940
0.187824
0.480322
0.228483
0.592426
0.170948
0.000000
0.572396
0.000000
0.482851
0.976630
0.124594
0.508982
0.980048
0.568061
0.000000
0.000000
0.994868
0.661574
0.693182
0.000000
0.284913
0.193670
0.891973
0.421235
0.652599
0.572396
0.928049
0.992175
0.000000
0.816733
0.102489
0.990258
0.639138
0.195598
0.459666
0.000000
0.993524
0.198344
0.670015
0.300262
0.151611
0.000000
0.000000
0.000000
0.130747
0.000000
0.204977
0.996940
0.467544
0.416268
0.000000
0.981847
0.411717
0.245588
0.825498
0.245973
0.649763
0.376205
0.279838
0.549874
0.000000
0.866351
0.231450
0.649763
0.000000
0.140385
0.649763
0.169761
0.000000
0.075129
0.000000
0.231450
0.000000
0.079954
0.502549
0.279838
0.113286
0.459666
0.985406
0.998614
0.599371
0.649763
0.649763
0.517348
0.000000
0.334540
0.419906
0.970941
0.649763
0.064976
0.432034
0.985406
0.767022
0.000000
0.363457
0.000000
0.410189
alpha-DCG@10
0.504533
0.054147
0.953770
0.520608
0.204977
0.853078
0.181529
0.592426
0.292728
0.167714
0.682262
0.070770
0.479760
0.968371
0.124594
0.580354
0.569383
0.412132
0.000000
0.259905
0.973808
0.656398
0.693870
0.758057
0.284913
0.250112
0.946512
0.000000
0.884906
0.619352
0.695009
0.983752
0.000000
0.856785
0.097799
0.991671
0.671422
0.187824
0.537178
0.456763
0.963578
0.198344
0.627478
0.300262
0.153098
0.000000
0.000000
0.000000
0.197357
0.000000
0.279838
0.997086
0.359571
0.385527
0.000000
0.992763
0.459920
0.376126
0.812653
0.382493
0.765488
0.000000
0.382326
0.649763
0.000000
0.870066
0.279838
0.409955
0.000000
0.157400
0.000000
0.211931
0.000000
0.101551
0.081991
0.789682
0.000000
0.071818
0.393169
0.279838
0.113286
0.669557
0.970941
0.998614
0.649763
0.000000
0.649763
0.517348
0.000000
0.334540
0.419906
0.967381
0.000000
0.143863
0.432034
0.899494
0.767022
0.000000
0.363457
0.000000
0.418471
