alpha-DCG@10
0.245689
0.000000
0.765488
0.935961
0.000000
0.427909
0.117130
0.441131
0.245973
0.386223
0.984477
0.037565
0.490174
0.642355
0.068326
0.617880
0.917581
0.216588
0.000000
0.000000
0.876001
0.690417
0.617948
0.000000
0.000000
0.161605
0.775444
0.812204
0.567148
0.649763
0.572396
0.854740
0.000000
0.395563
0.000000
0.000000
0.000000
0.000000
0.598773
0.324882
0.187824
0.324882
0.232051
0.649763
0.000000
0.000000
0.000000
0.000000
0.157936
0.000000
0.000000
0.000000
0.000000
0.000000
0.000000
0.204977
0.000000
0.000000
0.712284
0.000000
0.000000
0.000000
0.000000
0.000000
0.000000
0.409955
0.000000
0.000000
0.000000
0.519810
0.000000
0.117130
0.000000
0.100545
0.000000
0.251363
0.000000
0.000000
0.077150
0.231450
0.108294
0.000000
0.649763
0.464800
0.000000
0.000000
0.000000
0.000000
0.000000
0.000000
0.000000
0.649763
0.649763
0.000000
0.854740
0.409955
0.307466
0.000000
0.166156
0.000000
0.238752
alpha-DCG@10
0.245689
0.000000
0.000000
0.935961
0.000000
0.427909
0.117130
0.441131
0.389858
0.386223
0.984477
0.040995
0.483329
0.635236
0.068326
0.617880
0.623640
0.216588
0.000000
0.000000
0.959323
0.690417
0.619352
0.000000
0.000000
0.161605
0.775444
0.572396
0.567148
0.649763
0.572396
0.854740
0.000000
0.395563
0.000000
0.000000
0.000000
0.000000
0.598773
0.395563
0.000000
0.324882
0.232051
0.649763
0.000000
0.000000
0.000000
0.187824
0.157936
0.000000
0.000000
0.000000
0.000000
0.000000
0.000000
0.854740
0.000000
0.000000
0.712284
0.375926
0.000000
0.000000
0.000000
0.000000
0.000000
0.409955
0.000000
0.000000
0.000000
0.519810
0.000000
0.117130
0.000000
0.086635
0.000000
0.854740
0.000000
0.000000
0.077150
0.231450
0.108294
0.000000
0.649763
0.464800
0.000000
0.000000
0.000000
0.000000
0.000000
0.000000
0.000000
0.649763
0.649763
0.000000
0.854740
0.409955
0.307466
0.000000
0.166156
0.000000
0.244798
alpha-DCG@10
0.245689
0.000000
0.743675
0.935961
0.000000
0.429943
0.117130
0.441131
0.389858
0.389977
0.984477
0.040995
0.483329
0.626543
0.068326
0.473627
0.630258
0.216588
0.000000
0.000000
0.922656
0.690417
0.619352
0.000000
0.000000
0.177257
0.843829
0.572396
0.525680
0.649763
0.621295
0.854740
0.000000
0.440607
0.000000
0.000000
0.000000
0.000000
0.572396
0.408556
0.000000
0.324882
0.232051
0.649763
0.000000
0.000000
0.000000
0.187824
0.157936
0.000000
0.000000
0.000000
0.000000
0.000000
0.000000
0.854740
0.000000
0.000000
0.712284
0.375926
0.000000
0.000000
0.000000
0.000000
0.000000
0.409955
0.000000
0.204977
0.000000
0.519810
0.000000
0.092823
0.000000
0.086635
0.000000
0.775444
0.000000
0.000000
0.108294
0.231450
0.108294
0.000000
0.649763
0.433175
0.000000
0.000000
0.000000
0.000000
0.000000
0.000000
0.000000
0.649763
0.000000
0.064976
0.854740
0.649763
0.243661
0.251363
0.166156
0.000000
0.251129
alpha-DCG@10
0.245689
0.000000
0.765488
0.935961
0.000000
0.427909
0.117130
0.441131
0.389858
0.386223
0.984477
0.040995
0.483329
0.642355
0.068326
0.617880
0.642355
0.216588
0.251363
0.000000
0.684823
0.690417
0.619352
0.000000
0.000000
0.177257
0.775444
0.572396
0.567148
0.649763
0.572396
0.854740
0.000000
0.450563
0.000000
0.000000
0.000000
0.000000
0.572396
0.395563
0.000000
0.324882
0.232051
0.649763
0.000000
0.000000
0.000000
0.187824
0.157936
0.000000
0.000000
0.000000
0.000000
0.000000
0.000000
0.854740
0.000000
0.000000
0.712284
0.375926
0.000000
0.000000
0.000000
0.000000
0.000000
0.409955
0.000000
0.000000
0.000000
0.519810
0.000000
0.117130
0.479815
0.086635
0.000000
0.854740
0.000000
0.000000
0.077150
0.231450
0.108294
0.000000
0.649763
0.464800
0.000000
0.000000
0.000000
0.000000
0.000000
0.000000
0.000000
0.649763
0.649763
0.000000
0.854740
0.409955
0.307466
0.409955
0.166156
0.000000
0.261821
alpha-DCG@10
0.162998
0.000000
0.758057
0.000000
0.000000
0.429943
0.092823
0.441131
0.389858
0.389977
0.984477
0.040995
0.483329
0.635236
0.068326
0.487056
0.635236
0.216588
0.000000
0.000000
0.924631
0.645736
0.617948
0.000000
0.000000
0.177257
0.843829
0.231450
0.621295
0.649763
0.572396
0.854740
0.000000
0.440607
0.000000
0.000000
0.000000
0.000000
0.598773
0.377637
0.000000
0.324882
0.232051
0.649763
0.000000
0.000000
0.000000
0.000000
0.107127
0.000000
0.000000
0.000000
0.000000
0.000000
0.000000
0.812204
0.000000
0.000000
0.712284
0.375926
0.000000
0.000000
0.000000
0.000000
0.000000
0.409955
0.000000
0.000000
0.000000
0.519810
0.000000
0.117130
0.479815
0.111935
0.000000
0.854740
0.000000
0.000000
0.077150
0.251363
0.108294
0.000000
0.649763
0.464800
0.000000
0.000000
0.000000
0.000000
0.000000
0.000000
0.061882
0.649763
0.649763
0.037565
0.854740
0.649763
0.307466
0.000000
0.166156
0.000000
0.244082
alpha-DCG@10
0.245689
0.000000
0.758057
0.935961
0.000000
0.427909
0.117130
0.441131
0.245973
0.000000
0.981847
0.040995
0.483329
0.642355
0.068326
0.617880
0.870066
0.216588
0.000000
0.000000
0.924631
0.690417
0.619352
0.000000
0.000000
0.177257
0.789682
0.572396
0.567148
0.649763
0.572396
0.854740
0.000000
0.231450
0.000000
0.000000
0.000000
0.000000
0.598773
0.251363
0.000000
0.324882
0.232051
0.649763
0.000000
0.000000
0.000000
0.187824
0.107127
0.000000
0.000000
0.000000
0.000000
0.000000
0.000000
0.854740
0.000000
0.000000
0.712284
0.454834
0.000000
0.000000
0.000000
0.000000
0.000000
0.409955
0.000000
0.000000
0.000000
0.519810
0.000000
0.066129
0.000000
0.086635
0.000000
0.854740
0.000000
0.000000
0.077150
0.231450
0.108294
0.000000
0.649763
0.464800
0.000000
0.000000
0.000000
0.000000
0.000000
0.000000
0.058565
0.649763
0.649763
0.037565
0.854740
0.409955
0.307466
0.000000
0.166156
0.000000
0.247188
alpha-DCG@10
0.245689
0.000000
0.649763
0.935961
0.000000
0.429943
0.092823
0.441131
0.389858
0.389977
0.984477
0.000000
0.483329
0.630258
0.068326
0.476413
0.572396
0.251363
0.000000
0.000000
0.881190
0.690417
0.598773
0.000000
0.000000
0.177257
0.840926
0.324882
0.525680
0.649763
0.572396
0.854740
0.000000
0.405519
0.000000
0.231450
0.000000
0.000000
0.572396
0.474326
0.187824
0.324882
0.151180
0.649763
0.000000
0.000000
0.000000
0.409955
0.170948
0.000000
0.000000
0.000000
0.000000
0.000000
0.000000
0.854740
0.000000
0.000000
0.712284
0.375926
0.000000
0.000000
0.000000
0.000000
0.000000
0.409955
0.000000
0.231450
0.000000
0.519810
0.000000
0.079954
0.000000
0.081991
0.000000
0.775444
0.000000
0.000000
0.108294
0.251363
0.108294
0.000000
0.649763
0.854740
0.000000
0.000000
0.000000
0.000000
0.000000
0.000000
0.055885
0.649763
0.000000
0.129953
0.854740
0.409955
0.243661
0.251363
0.166156
0.000000
0.255115
