alpha-DCG@10
0.393712
0.000000
0.649763
0.970586
0.000000
0.325420
0.118530
0.571934
0.250896
0.279759
0.989621
0.000000
0.450574
0.933919
0.046640
0.637571
0.950322
0.372144
0.000000
0.000000
0.934510
0.747797
0.377637
0.000000
0.255163
0.236000
0.819635
0.812204
0.903976
0.743675
0.621295
0.812204
0.037565
0.382839
0.000000
0.861103
0.055968
0.000000
0.617948
0.395563
0.912603
0.324882
0.574116
0.752252
0.046290
0.000000
0.000000
0.000000
0.183516
0.000000
0.000000
0.789682
0.162441
0.108294
0.000000
0.000000
0.324882
0.000000
0.793144
0.000000
0.000000
0.464800
0.000000
0.000000
0.000000
0.917581
0.000000
0.000000
0.000000
0.277865
0.000000
0.079954
0.000000
0.078239
0.000000
0.000000
0.000000
0.000000
0.185604
0.359656
0.000000
0.459666
0.812204
0.584821
0.433175
0.216588
0.000000
0.163982
0.000000
0.000000
0.000000
0.649763
0.409955
0.075129
0.527641
0.409955
0.209878
0.000000
0.157193
0.000000
0.300022
alpha-DCG@10
0.393712
0.000000
0.000000
0.970586
0.279838
0.307895
0.118530
0.571934
0.245973
0.301764
0.989621
0.000000
0.447496
0.932990
0.046640
0.637571
0.549874
0.378647
0.000000
0.000000
0.920976
0.748295
0.442519
0.000000
0.252686
0.236000
0.833307
0.518249
0.903976
0.649763
0.598773
0.812204
0.037565
0.382839
0.000000
0.859160
0.055968
0.000000
0.617948
0.333939
0.924700
0.324882
0.574116
0.752252
0.046290
0.000000
0.000000
0.000000
0.183516
0.000000
0.000000
0.854740
0.162441
0.108294
0.000000
0.882163
0.324882
0.062841
0.809117
0.375926
0.000000
0.464800
0.216588
0.000000
0.000000
0.917581
0.000000
0.000000
0.000000
0.277865
0.000000
0.092823
0.000000
0.000000
0.000000
0.450563
0.000000
0.000000
0.198879
0.382326
0.000000
0.459666
0.812204
0.598057
0.433175
0.216588
0.000000
0.163982
0.000000
0.000000
0.000000
0.649763
0.649763
0.000000
0.527641
0.409955
0.209878
0.000000
0.157193
0.000000
0.310527
alpha-DCG@10
0.393712
0.000000
0.409955
0.931678
0.231450
0.446531
0.092823
0.571934
0.245973
0.280378
0.990347
0.000000
0.431545
0.927120
0.054147
0.603093
0.549874
0.378647
0.000000
0.000000
0.908879
0.750760
0.442519
0.000000
0.258481
0.243928
0.852523
0.549874
0.903976
0.649763
0.604021
0.812204
0.037565
0.402751
0.000000
0.861103
0.055968
0.000000
0.556572
0.324882
0.935961
0.324882
0.412405
0.752252
0.046290
0.000000
0.000000
0.000000
0.183516
0.000000
0.000000
0.854740
0.162441
0.108294
0.000000
0.854740
0.324882
0.000000
0.793144
0.375926
0.000000
0.000000
0.231450
0.000000
0.000000
0.917581
0.000000
0.000000
0.000000
0.277865
0.000000
0.053664
0.000000
0.000000
0.000000
0.649763
0.000000
0.000000
0.203673
0.314387
0.000000
0.459666
0.775444
0.824344
0.433175
0.000000
0.000000
0.163982
0.000000
0.000000
0.000000
0.649763
0.000000
0.124529
0.612714
0.649763
0.256834
0.187824
0.157193
0.000000
0.308281
alpha-DCG@10
0.393712
0.000000
0.649763
0.976455
0.279838
0.322536
0.092823
0.571934
0.245973
0.293938
0.990347
0.000000
0.447496
0.933233
0.046640
0.637571
0.671286
0.378647
0.000000
0.000000
0.682240
0.747797
0.442519
0.000000
0.252686
0.236000
0.819635
0.549874
0.903976
0.649763
0.598773
0.812204
0.039120
0.426229
0.000000
0.859160
0.055968
0.000000
0.638337
0.319076
0.924700
0.324882
0.412405
0.752252
0.046290
0.000000
0.000000
0.000000
0.183516
0.000000
0.000000
0.854740
0.162441
0.208852
0.000000
0.882163
0.324882
0.062841
0.809117
0.375926
0.000000
0.464800
0.204977
0.000000
0.000000
0.917581
0.000000
0.000000
0.000000
0.277865
0.000000
0.079954
0.656202
0.000000
0.000000
0.789682
0.000000
0.000000
0.185604
0.310499
0.000000
0.459666
0.812204
0.590626
0.433175
0.216588
0.000000
0.163982
0.000000
0.000000
0.000000
0.649763
0.649763
0.078239
0.527641
0.409955
0.209878
0.572396
0.157193
0.000000
0.331088
alpha-DCG@10
0.290952
0.000000
0.409955
0.000000
0.231450
0.297843
0.066129
0.571934
0.245973
0.295387
0.990347
0.000000
0.447496
0.927120
0.046640
0.619303
0.950322
0.341902
0.000000
0.000000
0.922048
0.729222
0.377637
0.000000
0.258481
0.268013
0.852523
0.000000
0.917512
0.649763
0.598773
0.812204
0.037565
0.396118
0.031304
0.789682
0.050273
0.000000
0.617948
0.251363
0.935961
0.324882
0.412405
0.752252
0.050273
0.000000
0.000000
0.000000
0.099892
0.000000
0.000000
0.812204
0.162441
0.208852
0.000000
0.805013
0.324882
0.069959
0.772598
0.375926
0.000000
0.464800
0.195598
0.000000
0.000000
0.917581
0.000000
0.000000
0.000000
0.277865
0.000000
0.079954
0.656202
0.086635
0.000000
0.789682
0.000000
0.000000
0.200175
0.251363
0.000000
0.454419
0.812204
0.584821
0.433175
0.204977
0.000000
0.163982
0.000000
0.000000
0.000000
0.649763
0.649763
0.078239
0.527641
0.649763
0.209878
0.409955
0.157193
0.000000
0.313063
alpha-DCG@10
0.393712
0.000000
0.649763
0.970586
0.204977
0.322536
0.118530
0.571934
0.250896
0.000000
0.973037
0.000000
0.447496
0.932990
0.046640
0.637571
0.950322
0.372144
0.000000
0.000000
0.682240
0.748295
0.442519
0.000000
0.249187
0.235352
0.833307
0.450563
0.903976
0.649763
0.598773
0.812204
0.037565
0.216588
0.000000
0.859160
0.055968
0.000000
0.617948
0.216588
0.924700
0.324882
0.412405
0.752252
0.046290
0.000000
0.000000
0.000000
0.099892
0.000000
0.000000
0.854740
0.162441
0.108294
0.000000
0.875044
0.324882
0.062841
0.809117
0.445825
0.000000
0.464800
0.000000
0.000000
0.000000
0.917581
0.000000
0.000000
0.000000
0.277865
0.000000
0.035909
0.000000
0.000000
0.000000
0.450563
0.000000
0.000000
0.200175
0.382326
0.000000
0.459666
0.812204
0.598057
0.433175
0.204977
0.000000
0.163982
0.000000
0.000000
0.000000
0.649763
0.649763
0.075129
0.527641
0.409955
0.209878
0.000000
0.157193
0.000000
0.307373
alpha-DCG@10
0.393712
0.000000
0.649763
0.925808
0.000000
0.779946
0.071818
0.571934
0.245973
0.280378
0.990347
0.129953
0.431545
0.924631
0.054147
0.603093
0.572396
0.383038
0.000000
0.000000
0.895689
0.750760
0.353851
0.000000
0.255163
0.243928
0.852523
0.231450
0.903976
0.743675
0.626543
0.789682
0.000000
0.410901
0.032600
0.863448
0.064976
0.000000
0.556572
0.512444
0.912603
0.324882
0.358710
0.752252
0.046290
0.000000
0.000000
0.204977
0.187192
0.000000
0.000000
0.854740
0.162441
0.108294
0.000000
0.854740
0.324882
0.000000
0.794693
0.375926
0.000000
0.000000
0.231450
0.000000
0.000000
0.917581
0.000000
0.000000
0.000000
0.277865
0.000000
0.102489
0.000000
0.000000
0.000000
0.649763
0.000000
0.000000
0.203673
0.333939
0.000000
0.251363
0.775444
0.963034
0.000000
0.216588
0.000000
0.163982
0.000000
0.000000
0.000000
0.649763
0.000000
0.219949
0.527641
0.409955
0.256834
0.187824
0.157193
0.000000
0.308556
