stemmer qid ndcg n collectionSize
paiceHusk 251 0.000000 32 1635715
paiceHusk 252 0.000000 32 1635715
paiceHusk 253 0.000000 32 1635715
paiceHusk 254 0.000000 32 1635715
paiceHusk 255 0.000000 32 1635715
paiceHusk 256 0.649763 32 1635715
paiceHusk 257 0.000000 32 1635715
paiceHusk 258 0.000000 32 1635715
paiceHusk 259 0.712284 32 1635715
paiceHusk 260 0.000000 32 1635715
paiceHusk 261 0.000000 32 1635715
paiceHusk 262 0.000000 32 1635715
paiceHusk 263 0.000000 32 1635715
paiceHusk 264 0.000000 32 1635715
paiceHusk 265 0.000000 32 1635715
paiceHusk 266 0.000000 32 1635715
paiceHusk 267 0.000000 32 1635715
paiceHusk 268 0.000000 32 1635715
paiceHusk 269 0.000000 32 1635715
paiceHusk 270 0.000000 32 1635715
paiceHusk 271 0.000000 32 1635715
paiceHusk 272 0.119579 32 1635715
paiceHusk 273 0.000000 32 1635715
paiceHusk 274 0.000000 32 1635715
paiceHusk 275 0.000000 32 1635715
paiceHusk 276 0.572396 32 1635715
paiceHusk 277 0.000000 32 1635715
paiceHusk 278 0.000000 32 1635715
paiceHusk 279 0.000000 32 1635715
paiceHusk 280 0.324882 32 1635715
paiceHusk 281 0.204990 32 1635715
paiceHusk 282 0.216588 32 1635715
paiceHusk 283 0.000000 32 1635715
paiceHusk 284 0.000000 32 1635715
paiceHusk 285 0.000000 32 1635715
paiceHusk 286 0.000000 32 1635715
paiceHusk 287 0.000000 32 1635715
paiceHusk 288 0.000000 32 1635715
paiceHusk 289 0.000000 32 1635715
paiceHusk 290 0.000000 32 1635715
paiceHusk 291 0.000000 32 1635715
paiceHusk 292 0.000000 32 1635715
paiceHusk 293 0.649763 32 1635715
paiceHusk 294 0.074046 32 1635715
paiceHusk 295 0.000000 32 1635715
paiceHusk 296 0.000000 32 1635715
paiceHusk 297 0.000000 32 1635715
paiceHusk 298 0.000000 32 1635715
paiceHusk 299 0.000000 32 1635715
paiceHusk 300 0.000000 32 1635715
paiceHusk amean 0.070486 32 1635715
krovetz 251 0.000000 32 1635715
krovetz 252 0.000000 32 1635715
krovetz 253 0.000000 32 1635715
krovetz 254 0.000000 32 1635715
krovetz 255 0.000000 32 1635715
krovetz 256 0.775444 32 1635715
krovetz 257 0.000000 32 1635715
krovetz 258 0.000000 32 1635715
krovetz 259 0.712284 32 1635715
krovetz 260 0.000000 32 1635715
krovetz 261 0.000000 32 1635715
krovetz 262 0.000000 32 1635715
krovetz 263 0.000000 32 1635715
krovetz 264 0.000000 32 1635715
krovetz 265 0.000000 32 1635715
krovetz 266 0.000000 32 1635715
krovetz 267 0.000000 32 1635715
krovetz 268 0.000000 32 1635715
krovetz 269 0.000000 32 1635715
krovetz 270 0.000000 32 1635715
krovetz 271 0.000000 32 1635715
krovetz 272 0.277654 32 1635715
krovetz 273 0.000000 32 1635715
krovetz 274 0.000000 32 1635715
krovetz 275 0.000000 32 1635715
krovetz 276 0.854740 32 1635715
krovetz 277 0.000000 32 1635715
krovetz 278 0.000000 32 1635715
krovetz 279 0.000000 32 1635715
krovetz 280 0.324882 32 1635715
krovetz 281 0.204990 32 1635715
krovetz 282 0.000000 32 1635715
krovetz 283 0.000000 32 1635715
krovetz 284 0.000000 32 1635715
krovetz 285 0.000000 32 1635715
krovetz 286 0.000000 32 1635715
krovetz 287 0.000000 32 1635715
krovetz 288 0.000000 32 1635715
krovetz 289 0.000000 32 1635715
krovetz 290 0.000000 32 1635715
krovetz 291 0.000000 32 1635715
krovetz 292 0.000000 32 1635715
krovetz 293 0.649763 32 1635715
krovetz 294 0.148091 32 1635715
krovetz 295 0.000000 32 1635715
krovetz 296 0.000000 32 1635715
krovetz 297 0.000000 32 1635715
krovetz 298 0.000000 32 1635715
krovetz 299 0.000000 32 1635715
krovetz 300 0.000000 32 1635715
krovetz amean 0.078957 32 1635715
sStripping 251 0.000000 32 1635715
sStripping 252 0.000000 32 1635715
sStripping 253 0.000000 32 1635715
sStripping 254 0.000000 32 1635715
sStripping 255 0.000000 32 1635715
sStripping 256 0.758057 32 1635715
sStripping 257 0.000000 32 1635715
sStripping 258 0.000000 32 1635715
sStripping 259 0.712284 32 1635715
sStripping 260 0.000000 32 1635715
sStripping 261 0.000000 32 1635715
sStripping 262 0.000000 32 1635715
sStripping 263 0.000000 32 1635715
sStripping 264 0.000000 32 1635715
sStripping 265 0.000000 32 1635715
sStripping 266 0.000000 32 1635715
sStripping 267 0.000000 32 1635715
sStripping 268 0.000000 32 1635715
sStripping 269 0.000000 32 1635715
sStripping 270 0.000000 32 1635715
sStripping 271 0.000000 32 1635715
sStripping 272 0.277654 32 1635715
sStripping 273 0.000000 32 1635715
sStripping 274 0.000000 32 1635715
sStripping 275 0.000000 32 1635715
sStripping 276 0.854740 32 1635715
sStripping 277 0.000000 32 1635715
sStripping 278 0.000000 32 1635715
sStripping 279 0.000000 32 1635715
sStripping 280 0.409955 32 1635715
sStripping 281 0.204990 32 1635715
sStripping 282 0.000000 32 1635715
sStripping 283 0.000000 32 1635715
sStripping 284 0.000000 32 1635715
sStripping 285 0.000000 32 1635715
sStripping 286 0.000000 32 1635715
sStripping 287 0.000000 32 1635715
sStripping 288 0.000000 32 1635715
sStripping 289 0.000000 32 1635715
sStripping 290 0.000000 32 1635715
sStripping 291 0.000000 32 1635715
sStripping 292 0.000000 32 1635715
sStripping 293 0.000000 32 1635715
sStripping 294 0.148091 32 1635715
sStripping 295 0.000000 32 1635715
sStripping 296 0.000000 32 1635715
sStripping 297 0.000000 32 1635715
sStripping 298 0.000000 32 1635715
sStripping 299 0.000000 32 1635715
sStripping 300 0.000000 32 1635715
sStripping amean 0.067315 32 1635715
porter2 251 0.000000 32 1635715
porter2 252 0.000000 32 1635715
porter2 253 0.000000 32 1635715
porter2 254 0.000000 32 1635715
porter2 255 0.000000 32 1635715
porter2 256 0.854740 32 1635715
porter2 257 0.000000 32 1635715
porter2 258 0.000000 32 1635715
porter2 259 0.712284 32 1635715
porter2 260 0.000000 32 1635715
porter2 261 0.000000 32 1635715
porter2 262 0.000000 32 1635715
porter2 263 0.000000 32 1635715
porter2 264 0.000000 32 1635715
porter2 265 0.000000 32 1635715
porter2 266 0.000000 32 1635715
porter2 267 0.000000 32 1635715
porter2 268 0.000000 32 1635715
porter2 269 0.000000 32 1635715
porter2 270 0.000000 32 1635715
porter2 271 0.000000 32 1635715
porter2 272 0.277654 32 1635715
porter2 273 0.436565 32 1635715
porter2 274 0.000000 32 1635715
porter2 275 0.000000 32 1635715
porter2 276 0.854740 32 1635715
porter2 277 0.000000 32 1635715
porter2 278 0.000000 32 1635715
porter2 279 0.000000 32 1635715
porter2 280 0.409955 32 1635715
porter2 281 0.204990 32 1635715
porter2 282 0.251363 32 1635715
porter2 283 0.000000 32 1635715
porter2 284 0.000000 32 1635715
porter2 285 0.000000 32 1635715
porter2 286 0.000000 32 1635715
porter2 287 0.000000 32 1635715
porter2 288 0.000000 32 1635715
porter2 289 0.000000 32 1635715
porter2 290 0.000000 32 1635715
porter2 291 0.000000 32 1635715
porter2 292 0.000000 32 1635715
porter2 293 0.649763 32 1635715
porter2 294 0.148091 32 1635715
porter2 295 0.000000 32 1635715
porter2 296 0.000000 32 1635715
porter2 297 0.000000 32 1635715
porter2 298 0.000000 32 1635715
porter2 299 0.000000 32 1635715
porter2 300 0.000000 32 1635715
porter2 amean 0.096003 32 1635715
lovins 251 0.000000 32 1635715
lovins 252 0.000000 32 1635715
lovins 253 0.000000 32 1635715
lovins 254 0.000000 32 1635715
lovins 255 0.000000 32 1635715
lovins 256 0.758057 32 1635715
lovins 257 0.000000 32 1635715
lovins 258 0.000000 32 1635715
lovins 259 0.712284 32 1635715
lovins 260 0.000000 32 1635715
lovins 261 0.000000 32 1635715
lovins 262 0.000000 32 1635715
lovins 263 0.000000 32 1635715
lovins 264 0.000000 32 1635715
lovins 265 0.000000 32 1635715
lovins 266 0.000000 32 1635715
lovins 267 0.000000 32 1635715
lovins 268 0.000000 32 1635715
lovins 269 0.000000 32 1635715
lovins 270 0.000000 32 1635715
lovins 271 0.000000 32 1635715
lovins 272 0.277654 32 1635715
lovins 273 0.436565 32 1635715
lovins 274 0.000000 32 1635715
lovins 275 0.000000 32 1635715
lovins 276 0.854740 32 1635715
lovins 277 0.000000 32 1635715
lovins 278 0.000000 32 1635715
lovins 279 0.000000 32 1635715
lovins 280 0.409955 32 1635715
lovins 281 0.204990 32 1635715
lovins 282 0.324882 32 1635715
lovins 283 0.000000 32 1635715
lovins 284 0.000000 32 1635715
lovins 285 0.000000 32 1635715
lovins 286 0.000000 32 1635715
lovins 287 0.000000 32 1635715
lovins 288 0.000000 32 1635715
lovins 289 0.000000 32 1635715
lovins 290 0.000000 32 1635715
lovins 291 0.000000 32 1635715
lovins 292 0.000000 32 1635715
lovins 293 0.649763 32 1635715
lovins 294 0.148091 32 1635715
lovins 295 0.000000 32 1635715
lovins 296 0.000000 32 1635715
lovins 297 0.000000 32 1635715
lovins 298 0.000000 32 1635715
lovins 299 0.000000 32 1635715
lovins 300 0.000000 32 1635715
lovins amean 0.095540 32 1635715
wikt 251 0.000000 32 1635715
wikt 252 0.000000 32 1635715
wikt 253 0.000000 32 1635715
wikt 254 0.000000 32 1635715
wikt 255 0.000000 32 1635715
wikt 256 0.854740 32 1635715
wikt 257 0.000000 32 1635715
wikt 258 0.000000 32 1635715
wikt 259 0.712284 32 1635715
wikt 260 0.000000 32 1635715
wikt 261 0.000000 32 1635715
wikt 262 0.000000 32 1635715
wikt 263 0.000000 32 1635715
wikt 264 0.000000 32 1635715
wikt 265 0.000000 32 1635715
wikt 266 0.000000 32 1635715
wikt 267 0.000000 32 1635715
wikt 268 0.000000 32 1635715
wikt 269 0.000000 32 1635715
wikt 270 0.000000 32 1635715
wikt 271 0.000000 32 1635715
wikt 272 0.119579 32 1635715
wikt 273 0.000000 32 1635715
wikt 274 0.000000 32 1635715
wikt 275 0.000000 32 1635715
wikt 276 0.854740 32 1635715
wikt 277 0.000000 32 1635715
wikt 278 0.000000 32 1635715
wikt 279 0.000000 32 1635715
wikt 280 0.324882 32 1635715
wikt 281 0.204990 32 1635715
wikt 282 0.231450 32 1635715
wikt 283 0.000000 32 1635715
wikt 284 0.000000 32 1635715
wikt 285 0.000000 32 1635715
wikt 286 0.000000 32 1635715
wikt 287 0.000000 32 1635715
wikt 288 0.000000 32 1635715
wikt 289 0.000000 32 1635715
wikt 290 0.000000 32 1635715
wikt 291 0.000000 32 1635715
wikt 292 0.000000 32 1635715
wikt 293 0.649763 32 1635715
wikt 294 0.063779 32 1635715
wikt 295 0.000000 32 1635715
wikt 296 0.000000 32 1635715
wikt 297 0.000000 32 1635715
wikt 298 0.000000 32 1635715
wikt 299 0.000000 32 1635715
wikt 300 0.000000 32 1635715
wikt amean 0.080324 32 1635715
none 251 0.000000 32 1635715
none 252 0.000000 32 1635715
none 253 0.000000 32 1635715
none 254 0.000000 32 1635715
none 255 0.000000 32 1635715
none 256 0.649763 32 1635715
none 257 0.000000 32 1635715
none 258 0.000000 32 1635715
none 259 0.712284 32 1635715
none 260 0.000000 32 1635715
none 261 0.000000 32 1635715
none 262 0.000000 32 1635715
none 263 0.000000 32 1635715
none 264 0.000000 32 1635715
none 265 0.000000 32 1635715
none 266 0.000000 32 1635715
none 267 0.000000 32 1635715
none 268 0.000000 32 1635715
none 269 0.000000 32 1635715
none 270 0.000000 32 1635715
none 271 0.000000 32 1635715
none 272 0.138827 32 1635715
none 273 0.000000 32 1635715
none 274 0.000000 32 1635715
none 275 0.000000 32 1635715
none 276 0.854740 32 1635715
none 277 0.000000 32 1635715
none 278 0.000000 32 1635715
none 279 0.000000 32 1635715
none 280 0.409955 32 1635715
none 281 0.204990 32 1635715
none 282 0.000000 32 1635715
none 283 0.000000 32 1635715
none 284 0.000000 32 1635715
none 285 0.000000 32 1635715
none 286 0.000000 32 1635715
none 287 0.000000 32 1635715
none 288 0.000000 32 1635715
none 289 0.000000 32 1635715
none 290 0.000000 32 1635715
none 291 0.000000 32 1635715
none 292 0.000000 32 1635715
none 293 0.000000 32 1635715
none 294 0.148091 32 1635715
none 295 0.000000 32 1635715
none 296 0.000000 32 1635715
none 297 0.000000 32 1635715
none 298 0.000000 32 1635715
none 299 0.000000 32 1635715
none 300 0.000000 32 1635715
none amean 0.062373 32 1635715
