alpha-DCG@10
0.209469
0.000000
0.775444
0.000000
0.000000
0.000000
0.000000
0.324882
0.000000
0.376607
0.935961
0.000000
0.447311
0.572396
0.000000
0.596440
0.854740
0.000000
0.000000
0.000000
0.626543
0.711035
0.409955
0.000000
0.062608
0.273633
0.422681
0.649763
0.367088
0.000000
0.000000
0.854740
0.000000
0.324882
0.000000
0.000000
0.000000
0.000000
0.789682
0.251363
0.000000
0.324882
0.081220
0.649763
0.000000
0.000000
0.000000
0.000000
0.129953
0.000000
0.000000
0.000000
0.000000
0.000000
0.000000
0.231450
0.000000
0.000000
0.712284
0.000000
0.000000
0.000000
0.000000
0.000000
0.000000
0.000000
0.000000
0.000000
0.000000
0.519810
0.000000
0.117130
0.000000
0.111935
0.000000
0.525680
0.000000
0.000000
0.000000
0.409955
0.125681
0.000000
0.000000
0.000000
0.000000
0.000000
0.000000
0.000000
0.000000
0.000000
0.000000
0.000000
0.649763
0.050273
0.649763
0.000000
0.000000
0.000000
0.000000
0.000000
0.161268
alpha-DCG@10
0.209469
0.000000
0.231450
0.000000
0.000000
0.000000
0.000000
0.324882
0.000000
0.376607
0.935961
0.000000
0.447311
0.572396
0.000000
0.596440
0.854740
0.000000
0.000000
0.000000
0.671286
0.711035
0.409955
0.000000
0.068326
0.273633
0.427370
0.649763
0.367088
0.000000
0.216588
0.854740
0.000000
0.324882
0.000000
0.000000
0.000000
0.000000
0.789682
0.649763
0.000000
0.324882
0.081220
0.649763
0.000000
0.000000
0.000000
0.216588
0.129953
0.000000
0.000000
0.000000
0.000000
0.000000
0.000000
0.854740
0.000000
0.000000
0.712284
0.000000
0.000000
0.000000
0.000000
0.000000
0.000000
0.000000
0.000000
0.000000
0.000000
0.519810
0.000000
0.185647
0.000000
0.100545
0.000000
0.854740
0.000000
0.000000
0.000000
0.409955
0.139919
0.000000
0.000000
0.000000
0.000000
0.000000
0.000000
0.000000
0.000000
0.000000
0.000000
0.000000
0.649763
0.050273
0.649763
0.000000
0.000000
0.000000
0.000000
0.000000
0.174932
alpha-DCG@10
0.209469
0.000000
0.758057
0.000000
0.000000
0.000000
0.000000
0.324882
0.000000
0.376607
0.935961
0.000000
0.447311
0.572396
0.000000
0.423688
0.854740
0.000000
0.000000
0.000000
0.673775
0.711035
0.409955
0.000000
0.068326
0.273633
0.450563
0.649763
0.345274
0.000000
0.231450
0.854740
0.000000
0.418793
0.000000
0.000000
0.000000
0.000000
0.747562
0.251363
0.000000
0.324882
0.081220
0.649763
0.000000
0.000000
0.000000
0.216588
0.129953
0.000000
0.000000
0.000000
0.000000
0.000000
0.000000
0.854740
0.000000
0.000000
0.712284
0.000000
0.000000
0.000000
0.000000
0.000000
0.000000
0.000000
0.000000
0.000000
0.000000
0.519810
0.000000
0.185647
0.000000
0.100545
0.000000
0.812204
0.000000
0.000000
0.000000
0.324882
0.139919
0.000000
0.000000
0.000000
0.000000
0.000000
0.000000
0.000000
0.000000
0.000000
0.000000
0.000000
0.000000
0.064976
0.649763
0.000000
0.000000
0.324882
0.000000
0.000000
0.170814
alpha-DCG@10
0.209469
0.000000
0.775444
0.000000
0.000000
0.000000
0.000000
0.324882
0.000000
0.376607
0.935961
0.000000
0.447311
0.572396
0.000000
0.596440
0.854740
0.000000
0.000000
0.000000
0.671286
0.711035
0.409955
0.000000
0.068326
0.273633
0.422681
0.649763
0.367088
0.000000
0.231450
0.854740
0.000000
0.324882
0.000000
0.000000
0.000000
0.000000
0.649763
0.649763
0.000000
0.324882
0.081220
0.649763
0.000000
0.000000
0.000000
0.216588
0.129953
0.000000
0.000000
0.000000
0.000000
0.000000
0.000000
0.854740
0.000000
0.000000
0.712284
0.000000
0.000000
0.000000
0.000000
0.000000
0.000000
0.000000
0.000000
0.000000
0.000000
0.519810
0.000000
0.117130
0.479815
0.100545
0.000000
0.854740
0.000000
0.000000
0.000000
0.409955
0.139919
0.000000
0.000000
0.000000
0.000000
0.000000
0.000000
0.000000
0.000000
0.000000
0.000000
0.000000
0.649763
0.050273
0.649763
0.000000
0.000000
0.409955
0.000000
0.000000
0.187287
alpha-DCG@10
0.192875
0.000000
0.765488
0.000000
0.000000
0.000000
0.000000
0.324882
0.000000
0.376607
0.935961
0.000000
0.447311
0.572396
0.000000
0.458632
0.854740
0.000000
0.000000
0.000000
0.671286
0.711035
0.409955
0.000000
0.068326
0.273633
0.450563
0.324882
0.525680
0.000000
0.216588
0.854740
0.000000
0.324882
0.000000
0.000000
0.000000
0.000000
0.789682
0.204977
0.000000
0.324882
0.081220
0.649763
0.000000
0.000000
0.000000
0.000000
0.129953
0.000000
0.000000
0.000000
0.000000
0.000000
0.000000
0.854740
0.000000
0.000000
0.712284
0.000000
0.000000
0.000000
0.000000
0.000000
0.000000
0.000000
0.000000
0.000000
0.000000
0.519810
0.000000
0.117130
0.479815
0.129953
0.000000
0.854740
0.000000
0.000000
0.000000
0.409955
0.125681
0.000000
0.000000
0.000000
0.000000
0.000000
0.000000
0.000000
0.000000
0.000000
0.071818
0.000000
0.649763
0.050273
0.649763
0.000000
0.000000
0.204977
0.000000
0.000000
0.177716
alpha-DCG@10
0.209469
0.000000
0.765488
0.000000
0.000000
0.000000
0.000000
0.324882
0.000000
0.000000
0.816733
0.000000
0.447311
0.572396
0.000000
0.596440
0.854740
0.000000
0.000000
0.000000
0.671286
0.711035
0.409955
0.000000
0.068326
0.273633
0.427370
0.649763
0.367088
0.000000
0.216588
0.854740
0.000000
0.000000
0.000000
0.000000
0.000000
0.000000
0.789682
0.204977
0.000000
0.324882
0.081220
0.649763
0.000000
0.000000
0.000000
0.216588
0.129953
0.000000
0.000000
0.000000
0.000000
0.000000
0.000000
0.854740
0.000000
0.000000
0.712284
0.000000
0.000000
0.000000
0.000000
0.000000
0.000000
0.000000
0.000000
0.000000
0.000000
0.519810
0.000000
0.066129
0.000000
0.100545
0.000000
0.854740
0.000000
0.000000
0.000000
0.409955
0.125681
0.000000
0.000000
0.000000
0.000000
0.000000
0.000000
0.000000
0.000000
0.000000
0.066129
0.000000
0.649763
0.050273
0.649763
0.000000
0.000000
0.000000
0.000000
0.000000
0.166941
alpha-DCG@10
0.209469
0.000000
0.649763
0.000000
0.000000
0.000000
0.000000
0.324882
0.000000
0.376607
0.935961
0.000000
0.447311
0.572396
0.000000
0.423688
0.854740
0.000000
0.000000
0.000000
0.665833
0.711035
0.324882
0.000000
0.062608
0.273633
0.450563
0.649763
0.345274
0.000000
0.195598
0.854740
0.000000
0.422681
0.000000
0.000000
0.000000
0.000000
0.747562
0.251363
0.000000
0.324882
0.081220
0.649763
0.000000
0.000000
0.000000
0.409955
0.129953
0.000000
0.000000
0.000000
0.000000
0.000000
0.000000
0.854740
0.000000
0.000000
0.712284
0.000000
0.000000
0.000000
0.000000
0.000000
0.000000
0.000000
0.000000
0.000000
0.000000
0.519810
0.000000
0.079954
0.000000
0.092580
0.000000
0.812204
0.000000
0.000000
0.000000
0.409955
0.125681
0.000000
0.000000
0.000000
0.000000
0.000000
0.000000
0.000000
0.000000
0.000000
0.061882
0.000000
0.000000
0.129953
0.649763
0.000000
0.000000
0.324882
0.000000
0.000000
0.171198
