alpha-DCG@10
0.643832
0.102489
0.925880
0.970586
0.000000
0.415278
0.416441
0.571890
0.288409
0.232276
0.993056
0.000000
0.374737
0.938049
0.038575
0.620220
0.666805
0.411411
0.000000
0.081991
0.635236
0.769293
0.987959
0.251363
0.247892
0.249610
0.929463
0.535636
0.979119
0.854740
0.459666
0.967381
0.000000
0.507754
0.139919
0.677704
0.349623
0.000000
0.540494
0.345274
0.978429
0.292300
0.641055
0.472795
0.169072
0.000000
0.000000
0.000000
0.198669
0.000000
0.204977
0.958737
0.382521
0.318242
0.000000
0.000000
0.636351
0.324882
0.804077
0.000000
0.000000
0.612714
0.649763
0.596830
0.043318
0.893544
0.000000
0.251363
0.000000
0.262109
0.649763
0.061882
0.000000
0.055968
0.050273
0.000000
0.000000
0.000000
0.644297
0.409955
0.142457
0.522663
0.912603
0.980918
0.611721
0.000000
0.000000
0.321918
0.000000
0.330944
0.464116
0.854740
0.409955
0.000000
0.489004
0.812204
0.146699
0.000000
0.371521
0.000000
0.380554
alpha-DCG@10
0.643832
0.102489
0.000000
0.977354
0.439376
0.476044
0.416441
0.571890
0.320610
0.233244
0.993056
0.000000
0.374737
0.938049
0.041894
0.623974
0.522663
0.414084
0.000000
0.081991
0.897140
0.769293
0.987959
0.649763
0.250751
0.223083
0.952604
0.231450
0.979119
0.854740
0.630258
0.967381
0.000000
0.512444
0.162441
0.684823
0.349623
0.000000
0.540494
0.000000
0.993056
0.292300
0.641055
0.472795
0.173270
0.000000
0.000000
0.000000
0.198669
0.000000
0.204977
0.985406
0.382521
0.318242
0.000000
0.956120
0.636351
0.362243
0.828236
0.375926
0.000000
0.508425
0.801151
0.649763
0.039120
0.893544
0.000000
0.204977
0.000000
0.262109
0.000000
0.053664
0.000000
0.055968
0.050273
0.435087
0.000000
0.000000
0.649680
0.409955
0.142457
0.522663
0.912603
0.980918
0.611721
0.000000
0.000000
0.319071
0.000000
0.330944
0.464116
0.854740
0.433175
0.000000
0.490455
0.812204
0.146699
0.000000
0.371521
0.000000
0.390433
alpha-DCG@10
0.565848
0.102489
0.952488
0.913584
0.204977
0.804528
0.335514
0.571890
0.320610
0.233244
0.993056
0.000000
0.374737
0.939488
0.046640
0.594292
0.522663
0.411411
0.000000
0.081991
0.870066
0.765216
0.987959
0.279838
0.249187
0.285690
0.958600
0.422681
0.979119
0.854740
0.658714
0.964892
0.000000
0.512444
0.162441
0.690693
0.349623
0.000000
0.532115
0.775444
0.992175
0.292300
0.676836
0.472795
0.173270
0.000000
0.000000
0.000000
0.199381
0.000000
0.000000
0.985406
0.344098
0.318242
0.000000
0.905985
0.636351
0.324882
0.804077
0.375926
0.000000
0.000000
0.801151
0.743675
0.043318
0.893544
0.000000
0.231450
0.000000
0.262109
0.000000
0.000000
0.000000
0.055968
0.046290
0.789682
0.000000
0.000000
0.649680
0.409955
0.142457
0.522663
0.908887
0.985406
0.611721
0.000000
0.000000
0.319071
0.000000
0.331916
0.464116
0.854740
0.000000
0.043318
0.535499
0.765488
0.146699
0.000000
0.371521
0.000000
0.397010
alpha-DCG@10
0.643832
0.102489
0.925880
0.970586
0.439376
0.432559
0.335514
0.571890
0.320610
0.272244
0.993056
0.000000
0.369106
0.938049
0.038575
0.623974
0.565488
0.414084
0.000000
0.081991
0.879596
0.769293
0.987959
0.649763
0.216588
0.223083
0.942174
0.422681
0.979119
0.854740
0.630258
0.967381
0.000000
0.512444
0.162441
0.684823
0.349623
0.000000
0.544569
0.000000
0.993056
0.292300
0.676836
0.472795
0.173270
0.000000
0.000000
0.000000
0.198669
0.000000
0.195598
0.985406
0.382521
0.223938
0.000000
0.956120
0.636351
0.363694
0.828236
0.375926
0.000000
0.463382
0.794518
0.649763
0.043318
0.893544
0.000000
0.204977
0.000000
0.262109
0.279838
0.061882
0.686271
0.055968
0.050273
0.866351
0.000000
0.000000
0.644297
0.409955
0.142457
0.522663
0.912603
0.980918
0.611721
0.000000
0.000000
0.321918
0.000000
0.330944
0.464116
0.854740
0.649763
0.000000
0.490455
0.812204
0.146699
0.527641
0.371521
0.000000
0.420774
alpha-DCG@10
0.495751
0.102489
0.912892
0.000000
0.349732
0.549719
0.322098
0.571694
0.320610
0.235595
0.987959
0.000000
0.374737
0.938049
0.036098
0.596317
0.658714
0.402502
0.000000
0.078239
0.902118
0.752991
0.987959
0.649763
0.247892
0.289578
0.952604
0.000000
0.979119
0.854740
0.630258
0.967381
0.000000
0.649763
0.162441
0.686000
0.348462
0.000000
0.540494
0.231450
0.993884
0.292300
0.676836
0.472795
0.173270
0.000000
0.000000
0.000000
0.133911
0.000000
0.204977
0.968345
0.382521
0.223938
0.000000
0.903640
0.636351
0.364180
0.694422
0.375926
0.000000
0.491851
0.649763
0.649763
0.117359
0.893544
0.000000
0.204977
0.000000
0.271786
0.649763
0.061882
0.686271
0.055968
0.000000
0.843829
0.000000
0.000000
0.649680
0.409955
0.142457
0.486860
0.912603
0.980918
0.611721
0.000000
0.000000
0.319071
0.000000
0.330944
0.464116
0.854740
0.649763
0.000000
0.490455
0.854740
0.146699
0.251363
0.371521
0.000000
0.407679
alpha-DCG@10
0.643832
0.102489
0.963578
0.977354
0.195598
0.476068
0.416441
0.571890
0.288409
0.000000
0.487831
0.000000
0.374737
0.938049
0.041894
0.620220
0.659686
0.414084
0.000000
0.081991
0.879596
0.769293
0.987959
0.000000
0.249187
0.221910
0.946249
0.216588
0.979119
0.854740
0.630258
0.967381
0.000000
0.649763
0.162441
0.684823
0.349623
0.000000
0.540494
0.187824
0.993419
0.292300
0.676836
0.472795
0.173270
0.000000
0.000000
0.000000
0.134907
0.000000
0.195598
0.985406
0.382521
0.321087
0.000000
0.951773
0.636351
0.362243
0.826510
0.430853
0.000000
0.463382
0.649763
0.621295
0.040995
0.893544
0.000000
0.216588
0.000000
0.262109
0.649763
0.131771
0.000000
0.055968
0.000000
0.377637
0.000000
0.000000
0.649388
0.409955
0.142457
0.522663
0.912603
0.980918
0.611721
0.000000
0.000000
0.319071
0.000000
0.330944
0.464116
0.854740
0.649763
0.000000
0.490455
0.812204
0.146699
0.000000
0.371521
0.000000
0.393993
alpha-DCG@10
0.643832
0.102489
0.926395
0.913584
0.231450
0.828173
0.324752
0.571694
0.334848
0.232276
0.993056
0.081991
0.369106
0.938020
0.046640
0.594292
0.522663
0.259590
0.000000
0.259905
0.864404
0.765216
0.980192
0.279838
0.249187
0.281975
0.958600
0.000000
0.979119
0.854740
0.665833
0.964892
0.000000
0.752252
0.139919
0.985406
0.351109
0.000000
0.532115
0.812204
0.977703
0.289748
0.609153
0.472795
0.148735
0.000000
0.000000
0.000000
0.199528
0.000000
0.000000
0.985406
0.344098
0.318242
0.000000
0.917581
0.636351
0.324882
0.813859
0.375926
0.000000
0.000000
0.801151
0.743675
0.122986
0.894516
0.000000
0.231450
0.000000
0.262109
0.000000
0.209499
0.000000
0.064976
0.050273
0.812204
0.000000
0.000000
0.649680
0.409955
0.142457
0.949150
0.908887
0.976455
0.433175
0.000000
0.000000
0.319071
0.000000
0.331916
0.464116
0.812204
0.000000
0.219949
0.490455
0.549874
0.146699
0.000000
0.371521
0.000000
0.403742
