alpha-DCG@10
0.209469
0.000000
0.649763
0.000000
0.000000
0.000000
0.000000
0.324882
0.000000
0.203693
0.000000
0.000000
0.203051
0.000000
0.000000
0.487322
0.649763
0.000000
0.000000
0.000000
0.812204
0.000000
0.409955
0.000000
0.000000
0.120074
0.231450
0.649763
0.000000
0.000000
0.000000
0.854740
0.000000
0.000000
0.000000
0.195598
0.000000
0.000000
0.789682
0.279838
0.000000
0.000000
0.000000
0.000000
0.000000
0.000000
0.000000
0.000000
0.000000
0.000000
0.000000
0.000000
0.000000
0.000000
0.000000
0.279838
0.000000
0.000000
0.712284
0.000000
0.000000
0.000000
0.000000
0.000000
0.000000
0.000000
0.000000
0.000000
0.000000
0.000000
0.000000
0.185647
0.000000
0.163982
0.000000
0.775444
0.000000
0.000000
0.000000
0.409955
0.204977
0.204977
0.000000
0.000000
0.000000
0.000000
0.000000
0.000000
0.000000
0.000000
0.000000
0.000000
0.649763
0.055968
0.000000
0.000000
0.000000
0.000000
0.000000
0.000000
0.107141
alpha-DCG@10
0.209469
0.000000
0.000000
0.000000
0.000000
0.000000
0.000000
0.324882
0.000000
0.203693
0.000000
0.000000
0.203051
0.000000
0.000000
0.487322
0.649763
0.000000
0.000000
0.000000
0.953631
0.000000
0.409955
0.000000
0.000000
0.120074
0.251363
0.649763
0.000000
0.000000
0.000000
0.854740
0.000000
0.000000
0.000000
0.000000
0.000000
0.000000
0.789682
0.649763
0.000000
0.000000
0.000000
0.000000
0.000000
0.000000
0.000000
0.279838
0.000000
0.000000
0.000000
0.000000
0.000000
0.000000
0.000000
0.854740
0.000000
0.000000
0.712284
0.000000
0.000000
0.000000
0.000000
0.000000
0.000000
0.000000
0.000000
0.000000
0.000000
0.000000
0.000000
0.185647
0.000000
0.163982
0.000000
0.854740
0.000000
0.000000
0.000000
0.409955
0.204977
0.204977
0.000000
0.000000
0.000000
0.000000
0.000000
0.000000
0.000000
0.000000
0.000000
0.000000
0.649763
0.055968
0.000000
0.000000
0.000000
0.000000
0.000000
0.000000
0.113340
alpha-DCG@10
0.209469
0.000000
0.649763
0.000000
0.000000
0.000000
0.000000
0.324882
0.000000
0.203693
0.000000
0.075129
0.203051
0.000000
0.000000
0.299092
0.649763
0.000000
0.000000
0.000000
0.964892
0.000000
0.409955
0.000000
0.000000
0.120074
0.324882
0.649763
0.000000
0.000000
0.000000
0.854740
0.000000
0.000000
0.000000
0.204977
0.000000
0.000000
0.765488
0.409955
0.000000
0.000000
0.000000
0.000000
0.000000
0.000000
0.000000
0.279838
0.000000
0.000000
0.000000
0.000000
0.000000
0.000000
0.000000
0.854740
0.000000
0.000000
0.712284
0.000000
0.000000
0.000000
0.000000
0.000000
0.000000
0.000000
0.000000
0.000000
0.000000
0.000000
0.000000
0.185647
0.000000
0.163982
0.000000
0.854740
0.000000
0.000000
0.000000
0.409955
0.204977
0.204977
0.000000
0.000000
0.000000
0.000000
0.000000
0.000000
0.000000
0.000000
0.000000
0.000000
0.000000
0.081991
0.000000
0.000000
0.000000
0.000000
0.000000
0.000000
0.112727
alpha-DCG@10
0.209469
0.000000
0.649763
0.000000
0.000000
0.000000
0.000000
0.324882
0.000000
0.203693
0.000000
0.000000
0.203051
0.000000
0.000000
0.487322
0.649763
0.000000
0.195598
0.000000
0.953631
0.000000
0.409955
0.000000
0.000000
0.120074
0.231450
0.649763
0.000000
0.000000
0.000000
0.854740
0.000000
0.000000
0.000000
0.000000
0.000000
0.000000
0.649763
0.649763
0.000000
0.000000
0.000000
0.000000
0.000000
0.000000
0.000000
0.279838
0.000000
0.000000
0.000000
0.000000
0.000000
0.000000
0.000000
0.854740
0.000000
0.000000
0.712284
0.000000
0.000000
0.000000
0.000000
0.000000
0.000000
0.000000
0.000000
0.000000
0.000000
0.000000
0.000000
0.185647
0.433175
0.163982
0.000000
0.854740
0.000000
0.000000
0.000000
0.409955
0.204977
0.204977
0.000000
0.000000
0.000000
0.000000
0.000000
0.000000
0.000000
0.000000
0.000000
0.000000
0.649763
0.055968
0.000000
0.000000
0.000000
0.000000
0.000000
0.000000
0.124527
alpha-DCG@10
0.209469
0.000000
0.649763
0.000000
0.000000
0.000000
0.000000
0.324882
0.000000
0.203693
0.000000
0.000000
0.203051
0.000000
0.000000
0.327450
0.649763
0.000000
0.000000
0.000000
0.953631
0.000000
0.409955
0.000000
0.000000
0.120074
0.324882
0.409955
0.000000
0.000000
0.000000
0.854740
0.000000
0.000000
0.000000
0.000000
0.000000
0.000000
0.789682
0.231450
0.000000
0.000000
0.000000
0.000000
0.000000
0.000000
0.000000
0.195598
0.000000
0.000000
0.000000
0.000000
0.000000
0.000000
0.000000
0.854740
0.000000
0.000000
0.712284
0.000000
0.000000
0.000000
0.000000
0.000000
0.000000
0.000000
0.000000
0.000000
0.000000
0.000000
0.000000
0.185647
0.433175
0.259905
0.000000
0.854740
0.000000
0.000000
0.000000
0.409955
0.204977
0.204977
0.000000
0.000000
0.000000
0.000000
0.000000
0.000000
0.000000
0.000000
0.000000
0.000000
0.649763
0.055968
0.000000
0.000000
0.000000
0.000000
0.000000
0.000000
0.116842
alpha-DCG@10
0.209469
0.000000
0.649763
0.000000
0.000000
0.000000
0.000000
0.324882
0.000000
0.000000
0.000000
0.000000
0.203051
0.187824
0.000000
0.487322
0.649763
0.000000
0.000000
0.000000
0.953631
0.000000
0.409955
0.000000
0.000000
0.120074
0.251363
0.649763
0.000000
0.000000
0.000000
0.854740
0.000000
0.000000
0.000000
0.000000
0.000000
0.000000
0.789682
0.216588
0.000000
0.000000
0.000000
0.000000
0.000000
0.000000
0.000000
0.279838
0.000000
0.000000
0.000000
0.000000
0.000000
0.000000
0.000000
0.854740
0.000000
0.000000
0.712284
0.000000
0.000000
0.000000
0.000000
0.000000
0.000000
0.000000
0.000000
0.000000
0.000000
0.000000
0.000000
0.092823
0.000000
0.163982
0.000000
0.854740
0.000000
0.000000
0.000000
0.409955
0.204977
0.204977
0.000000
0.000000
0.000000
0.000000
0.000000
0.000000
0.000000
0.000000
0.000000
0.000000
0.649763
0.055968
0.000000
0.000000
0.000000
0.000000
0.000000
0.000000
0.114419
alpha-DCG@10
0.209469
0.000000
0.649763
0.000000
0.000000
0.000000
0.000000
0.324882
0.000000
0.203693
0.000000
0.039120
0.203051
0.000000
0.000000
0.299092
0.649763
0.000000
0.000000
0.000000
0.956120
0.000000
0.409955
0.000000
0.000000
0.120074
0.324882
0.649763
0.000000
0.000000
0.000000
0.854740
0.000000
0.000000
0.000000
0.000000
0.000000
0.000000
0.765488
0.409955
0.000000
0.000000
0.000000
0.000000
0.000000
0.000000
0.000000
0.649763
0.000000
0.000000
0.000000
0.000000
0.000000
0.000000
0.000000
0.854740
0.000000
0.000000
0.712284
0.000000
0.000000
0.000000
0.000000
0.000000
0.000000
0.000000
0.000000
0.000000
0.000000
0.000000
0.000000
0.092823
0.000000
0.129953
0.000000
0.854740
0.000000
0.000000
0.000000
0.409955
0.204977
0.000000
0.000000
0.000000
0.000000
0.000000
0.000000
0.000000
0.000000
0.000000
0.000000
0.000000
0.000000
0.129953
0.000000
0.000000
0.000000
0.000000
0.000000
0.000000
0.111090
