stemmer qid ndcg n collectionSize
paiceHusk 201 0.000000 64 806826
paiceHusk 202 0.000000 64 806826
paiceHusk 203 0.000000 64 806826
paiceHusk 204 0.000000 64 806826
paiceHusk 205 0.000000 64 806826
paiceHusk 206 0.000000 64 806826
paiceHusk 207 0.000000 64 806826
paiceHusk 208 0.325950 64 806826
paiceHusk 209 0.000000 64 806826
paiceHusk 210 0.179017 64 806826
paiceHusk 211 0.000000 64 806826
paiceHusk 212 0.160176 64 806826
paiceHusk 213 0.000000 64 806826
paiceHusk 214 0.216588 64 806826
paiceHusk 215 0.000000 64 806826
paiceHusk 216 0.217911 64 806826
paiceHusk 217 0.649763 64 806826
paiceHusk 218 0.000000 64 806826
paiceHusk 219 0.000000 64 806826
paiceHusk 220 0.000000 64 806826
paiceHusk 221 0.572396 64 806826
paiceHusk 222 0.000000 64 806826
paiceHusk 223 0.000000 64 806826
paiceHusk 224 0.000000 64 806826
paiceHusk 225 0.000000 64 806826
paiceHusk 226 0.149335 64 806826
paiceHusk 227 0.000000 64 806826
paiceHusk 228 0.000000 64 806826
paiceHusk 229 0.000000 64 806826
paiceHusk 230 0.000000 64 806826
paiceHusk 231 0.000000 64 806826
paiceHusk 232 0.649763 64 806826
paiceHusk 233 0.000000 64 806826
paiceHusk 234 0.000000 64 806826
paiceHusk 235 0.000000 64 806826
paiceHusk 236 0.000000 64 806826
paiceHusk 237 0.000000 64 806826
paiceHusk 238 0.000000 64 806826
paiceHusk 239 0.649763 64 806826
paiceHusk 240 0.216588 64 806826
paiceHusk 241 0.000000 64 806826
paiceHusk 242 0.000000 64 806826
paiceHusk 243 0.000000 64 806826
paiceHusk 244 0.000000 64 806826
paiceHusk 245 0.000000 64 806826
paiceHusk 246 0.000000 64 806826
paiceHusk 247 0.000000 64 806826
paiceHusk 248 0.000000 64 806826
paiceHusk 249 0.000000 64 806826
paiceHusk 250 0.000000 64 806826
paiceHusk 251 0.000000 64 806826
paiceHusk 252 0.000000 64 806826
paiceHusk 253 0.000000 64 806826
paiceHusk 254 0.000000 64 806826
paiceHusk 255 0.000000 64 806826
paiceHusk 256 0.649763 64 806826
paiceHusk 257 0.000000 64 806826
paiceHusk 258 0.000000 64 806826
paiceHusk 259 0.541469 64 806826
paiceHusk 260 0.000000 64 806826
paiceHusk 261 0.000000 64 806826
paiceHusk 262 0.000000 64 806826
paiceHusk 263 0.000000 64 806826
paiceHusk 264 0.000000 64 806826
paiceHusk 265 0.000000 64 806826
paiceHusk 266 0.000000 64 806826
paiceHusk 267 0.000000 64 806826
paiceHusk 268 0.000000 64 806826
paiceHusk 269 0.000000 64 806826
paiceHusk 270 0.000000 64 806826
paiceHusk 271 0.000000 64 806826
paiceHusk 272 0.138827 64 806826
paiceHusk 273 0.000000 64 806826
paiceHusk 274 0.000000 64 806826
paiceHusk 275 0.000000 64 806826
paiceHusk 276 0.000000 64 806826
paiceHusk 277 0.000000 64 806826
paiceHusk 278 0.000000 64 806826
paiceHusk 279 0.000000 64 806826
paiceHusk 280 0.279838 64 806826
paiceHusk 281 0.000000 64 806826
paiceHusk 282 0.000000 64 806826
paiceHusk 283 0.000000 64 806826
paiceHusk 284 0.000000 64 806826
paiceHusk 285 0.000000 64 806826
paiceHusk 286 0.000000 64 806826
paiceHusk 287 0.000000 64 806826
paiceHusk 288 0.000000 64 806826
paiceHusk 289 0.000000 64 806826
paiceHusk 290 0.000000 64 806826
paiceHusk 291 0.000000 64 806826
paiceHusk 292 0.000000 64 806826
paiceHusk 293 0.000000 64 806826
paiceHusk 294 0.000000 64 806826
paiceHusk 295 0.000000 64 806826
paiceHusk 296 0.000000 64 806826
paiceHusk 297 0.000000 64 806826
paiceHusk 298 0.000000 64 806826
paiceHusk 299 0.000000 64 806826
paiceHusk 300 0.000000 64 806826
paiceHusk amean 0.055971 64 806826
krovetz 201 0.000000 64 806826
krovetz 202 0.000000 64 806826
krovetz 203 0.000000 64 806826
krovetz 204 0.000000 64 806826
krovetz 205 0.000000 64 806826
krovetz 206 0.000000 64 806826
krovetz 207 0.000000 64 806826
krovetz 208 0.325950 64 806826
krovetz 209 0.000000 64 806826
krovetz 210 0.179017 64 806826
krovetz 211 0.000000 64 806826
krovetz 212 0.198258 64 806826
krovetz 213 0.000000 64 806826
krovetz 214 0.279838 64 806826
krovetz 215 0.000000 64 806826
krovetz 216 0.217911 64 806826
krovetz 217 0.649763 64 806826
krovetz 218 0.000000 64 806826
krovetz 219 0.000000 64 806826
krovetz 220 0.000000 64 806826
krovetz 221 0.924700 64 806826
krovetz 222 0.000000 64 806826
krovetz 223 0.000000 64 806826
krovetz 224 0.000000 64 806826
krovetz 225 0.000000 64 806826
krovetz 226 0.149335 64 806826
krovetz 227 0.000000 64 806826
krovetz 228 0.000000 64 806826
krovetz 229 0.000000 64 806826
krovetz 230 0.000000 64 806826
krovetz 231 0.000000 64 806826
krovetz 232 0.649763 64 806826
krovetz 233 0.000000 64 806826
krovetz 234 0.000000 64 806826
krovetz 235 0.000000 64 806826
krovetz 236 0.000000 64 806826
krovetz 237 0.000000 64 806826
krovetz 238 0.000000 64 806826
krovetz 239 0.649763 64 806826
krovetz 240 0.409955 64 806826
krovetz 241 0.000000 64 806826
krovetz 242 0.000000 64 806826
krovetz 243 0.000000 64 806826
krovetz 244 0.000000 64 806826
krovetz 245 0.000000 64 806826
krovetz 246 0.000000 64 806826
krovetz 247 0.000000 64 806826
krovetz 248 0.324882 64 806826
krovetz 249 0.000000 64 806826
krovetz 250 0.000000 64 806826
krovetz 251 0.000000 64 806826
krovetz 252 0.000000 64 806826
krovetz 253 0.000000 64 806826
krovetz 254 0.000000 64 806826
krovetz 255 0.000000 64 806826
krovetz 256 0.649763 64 806826
krovetz 257 0.000000 64 806826
krovetz 258 0.000000 64 806826
krovetz 259 0.541469 64 806826
krovetz 260 0.000000 64 806826
krovetz 261 0.000000 64 806826
krovetz 262 0.000000 64 806826
krovetz 263 0.000000 64 806826
krovetz 264 0.000000 64 806826
krovetz 265 0.000000 64 806826
krovetz 266 0.000000 64 806826
krovetz 267 0.000000 64 806826
krovetz 268 0.000000 64 806826
krovetz 269 0.000000 64 806826
krovetz 270 0.000000 64 806826
krovetz 271 0.000000 64 806826
krovetz 272 0.138827 64 806826
krovetz 273 0.000000 64 806826
krovetz 274 0.000000 64 806826
krovetz 275 0.000000 64 806826
krovetz 276 0.000000 64 806826
krovetz 277 0.000000 64 806826
krovetz 278 0.000000 64 806826
krovetz 279 0.000000 64 806826
krovetz 280 0.279838 64 806826
krovetz 281 0.000000 64 806826
krovetz 282 0.000000 64 806826
krovetz 283 0.000000 64 806826
krovetz 284 0.000000 64 806826
krovetz 285 0.000000 64 806826
krovetz 286 0.000000 64 806826
krovetz 287 0.000000 64 806826
krovetz 288 0.000000 64 806826
krovetz 289 0.000000 64 806826
krovetz 290 0.000000 64 806826
krovetz 291 0.000000 64 806826
krovetz 292 0.000000 64 806826
krovetz 293 0.000000 64 806826
krovetz 294 0.000000 64 806826
krovetz 295 0.000000 64 806826
krovetz 296 0.000000 64 806826
krovetz 297 0.000000 64 806826
krovetz 298 0.000000 64 806826
krovetz 299 0.000000 64 806826
krovetz 300 0.000000 64 806826
krovetz amean 0.065690 64 806826
sStripping 201 0.000000 64 806826
sStripping 202 0.000000 64 806826
sStripping 203 0.000000 64 806826
sStripping 204 0.000000 64 806826
sStripping 205 0.000000 64 806826
sStripping 206 0.000000 64 806826
sStripping 207 0.000000 64 806826
sStripping 208 0.325950 64 806826
sStripping 209 0.000000 64 806826
sStripping 210 0.179017 64 806826
sStripping 211 0.000000 64 806826
sStripping 212 0.198258 64 806826
sStripping 213 0.000000 64 806826
sStripping 214 0.000000 64 806826
sStripping 215 0.000000 64 806826
sStripping 216 0.217911 64 806826
sStripping 217 0.649763 64 806826
sStripping 218 0.000000 64 806826
sStripping 219 0.000000 64 806826
sStripping 220 0.000000 64 806826
sStripping 221 0.924700 64 806826
sStripping 222 0.000000 64 806826
sStripping 223 0.000000 64 806826
sStripping 224 0.000000 64 806826
sStripping 225 0.000000 64 806826
sStripping 226 0.149335 64 806826
sStripping 227 0.000000 64 806826
sStripping 228 0.000000 64 806826
sStripping 229 0.000000 64 806826
sStripping 230 0.000000 64 806826
sStripping 231 0.000000 64 806826
sStripping 232 0.649763 64 806826
sStripping 233 0.000000 64 806826
sStripping 234 0.000000 64 806826
sStripping 235 0.000000 64 806826
sStripping 236 0.000000 64 806826
sStripping 237 0.000000 64 806826
sStripping 238 0.000000 64 806826
sStripping 239 0.649763 64 806826
sStripping 240 0.279838 64 806826
sStripping 241 0.000000 64 806826
sStripping 242 0.000000 64 806826
sStripping 243 0.000000 64 806826
sStripping 244 0.000000 64 806826
sStripping 245 0.000000 64 806826
sStripping 246 0.000000 64 806826
sStripping 247 0.000000 64 806826
sStripping 248 0.324882 64 806826
sStripping 249 0.000000 64 806826
sStripping 250 0.000000 64 806826
sStripping 251 0.000000 64 806826
sStripping 252 0.000000 64 806826
sStripping 253 0.000000 64 806826
sStripping 254 0.000000 64 806826
sStripping 255 0.000000 64 806826
sStripping 256 0.649763 64 806826
sStripping 257 0.000000 64 806826
sStripping 258 0.000000 64 806826
sStripping 259 0.541469 64 806826
sStripping 260 0.000000 64 806826
sStripping 261 0.000000 64 806826
sStripping 262 0.000000 64 806826
sStripping 263 0.000000 64 806826
sStripping 264 0.000000 64 806826
sStripping 265 0.000000 64 806826
sStripping 266 0.000000 64 806826
sStripping 267 0.000000 64 806826
sStripping 268 0.000000 64 806826
sStripping 269 0.000000 64 806826
sStripping 270 0.000000 64 806826
sStripping 271 0.000000 64 806826
sStripping 272 0.138827 64 806826
sStripping 273 0.000000 64 806826
sStripping 274 0.000000 64 806826
sStripping 275 0.000000 64 806826
sStripping 276 0.000000 64 806826
sStripping 277 0.000000 64 806826
sStripping 278 0.000000 64 806826
sStripping 279 0.000000 64 806826
sStripping 280 0.279838 64 806826
sStripping 281 0.000000 64 806826
sStripping 282 0.000000 64 806826
sStripping 283 0.000000 64 806826
sStripping 284 0.000000 64 806826
sStripping 285 0.000000 64 806826
sStripping 286 0.000000 64 806826
sStripping 287 0.000000 64 806826
sStripping 288 0.000000 64 806826
sStripping 289 0.000000 64 806826
sStripping 290 0.000000 64 806826
sStripping 291 0.000000 64 806826
sStripping 292 0.000000 64 806826
sStripping 293 0.000000 64 806826
sStripping 294 0.000000 64 806826
sStripping 295 0.000000 64 806826
sStripping 296 0.000000 64 806826
sStripping 297 0.000000 64 806826
sStripping 298 0.000000 64 806826
sStripping 299 0.000000 64 806826
sStripping 300 0.000000 64 806826
sStripping amean 0.061591 64 806826
porter2 201 0.000000 64 806826
porter2 202 0.000000 64 806826
porter2 203 0.000000 64 806826
porter2 204 0.000000 64 806826
porter2 205 0.000000 64 806826
porter2 206 0.000000 64 806826
porter2 207 0.000000 64 806826
porter2 208 0.325950 64 806826
porter2 209 0.000000 64 806826
porter2 210 0.179017 64 806826
porter2 211 0.000000 64 806826
porter2 212 0.198258 64 806826
porter2 213 0.000000 64 806826
porter2 214 0.279838 64 806826
porter2 215 0.000000 64 806826
porter2 216 0.217911 64 806826
porter2 217 0.649763 64 806826
porter2 218 0.000000 64 806826
porter2 219 0.231450 64 806826
porter2 220 0.000000 64 806826
porter2 221 0.924700 64 806826
porter2 222 0.000000 64 806826
porter2 223 0.000000 64 806826
porter2 224 0.000000 64 806826
porter2 225 0.000000 64 806826
porter2 226 0.149335 64 806826
porter2 227 0.000000 64 806826
porter2 228 0.000000 64 806826
porter2 229 0.000000 64 806826
porter2 230 0.000000 64 806826
porter2 231 0.000000 64 806826
porter2 232 0.649763 64 806826
porter2 233 0.000000 64 806826
porter2 234 0.000000 64 806826
porter2 235 0.000000 64 806826
porter2 236 0.000000 64 806826
porter2 237 0.000000 64 806826
porter2 238 0.000000 64 806826
porter2 239 0.649763 64 806826
porter2 240 0.409955 64 806826
porter2 241 0.000000 64 806826
porter2 242 0.000000 64 806826
porter2 243 0.000000 64 806826
porter2 244 0.000000 64 806826
porter2 245 0.000000 64 806826
porter2 246 0.000000 64 806826
porter2 247 0.000000 64 806826
porter2 248 0.324882 64 806826
porter2 249 0.000000 64 806826
porter2 250 0.000000 64 806826
porter2 251 0.000000 64 806826
porter2 252 0.000000 64 806826
porter2 253 0.000000 64 806826
porter2 254 0.000000 64 806826
porter2 255 0.000000 64 806826
porter2 256 0.649763 64 806826
porter2 257 0.000000 64 806826
porter2 258 0.000000 64 806826
porter2 259 0.541469 64 806826
porter2 260 0.000000 64 806826
porter2 261 0.000000 64 806826
porter2 262 0.000000 64 806826
porter2 263 0.000000 64 806826
porter2 264 0.000000 64 806826
porter2 265 0.000000 64 806826
porter2 266 0.000000 64 806826
porter2 267 0.000000 64 806826
porter2 268 0.000000 64 806826
porter2 269 0.000000 64 806826
porter2 270 0.000000 64 806826
porter2 271 0.000000 64 806826
porter2 272 0.138827 64 806826
porter2 273 0.436565 64 806826
porter2 274 0.000000 64 806826
porter2 275 0.000000 64 806826
porter2 276 0.000000 64 806826
porter2 277 0.000000 64 806826
porter2 278 0.000000 64 806826
porter2 279 0.000000 64 806826
porter2 280 0.279838 64 806826
porter2 281 0.000000 64 806826
porter2 282 0.000000 64 806826
porter2 283 0.000000 64 806826
porter2 284 0.000000 64 806826
porter2 285 0.000000 64 806826
porter2 286 0.000000 64 806826
porter2 287 0.000000 64 806826
porter2 288 0.000000 64 806826
porter2 289 0.000000 64 806826
porter2 290 0.000000 64 806826
porter2 291 0.000000 64 806826
porter2 292 0.000000 64 806826
porter2 293 0.000000 64 806826
porter2 294 0.000000 64 806826
porter2 295 0.000000 64 806826
porter2 296 0.000000 64 806826
porter2 297 0.000000 64 806826
porter2 298 0.000000 64 806826
porter2 299 0.000000 64 806826
porter2 300 0.000000 64 806826
porter2 amean 0.072370 64 806826
lovins 201 0.000000 64 806826
lovins 202 0.000000 64 806826
lovins 203 0.000000 64 806826
lovins 204 0.000000 64 806826
lovins 205 0.000000 64 806826
lovins 206 0.000000 64 806826
lovins 207 0.000000 64 806826
lovins 208 0.325950 64 806826
lovins 209 0.000000 64 806826
lovins 210 0.179017 64 806826
lovins 211 0.000000 64 806826
lovins 212 0.198258 64 806826
lovins 213 0.000000 64 806826
lovins 214 0.279838 64 806826
lovins 215 0.000000 64 806826
lovins 216 0.217911 64 806826
lovins 217 0.649763 64 806826
lovins 218 0.000000 64 806826
lovins 219 0.000000 64 806826
lovins 220 0.000000 64 806826
lovins 221 0.924700 64 806826
lovins 222 0.000000 64 806826
lovins 223 0.000000 64 806826
lovins 224 0.000000 64 806826
lovins 225 0.000000 64 806826
lovins 226 0.149335 64 806826
lovins 227 0.000000 64 806826
lovins 228 0.000000 64 806826
lovins 229 0.000000 64 806826
lovins 230 0.000000 64 806826
lovins 231 0.000000 64 806826
lovins 232 0.649763 64 806826
lovins 233 0.000000 64 806826
lovins 234 0.000000 64 806826
lovins 235 0.000000 64 806826
lovins 236 0.000000 64 806826
lovins 237 0.000000 64 806826
lovins 238 0.000000 64 806826
lovins 239 0.649763 64 806826
lovins 240 0.195598 64 806826
lovins 241 0.000000 64 806826
lovins 242 0.000000 64 806826
lovins 243 0.000000 64 806826
lovins 244 0.000000 64 806826
lovins 245 0.000000 64 806826
lovins 246 0.000000 64 806826
lovins 247 0.000000 64 806826
lovins 248 0.324882 64 806826
lovins 249 0.000000 64 806826
lovins 250 0.000000 64 806826
lovins 251 0.000000 64 806826
lovins 252 0.000000 64 806826
lovins 253 0.000000 64 806826
lovins 254 0.000000 64 806826
lovins 255 0.000000 64 806826
lovins 256 0.649763 64 806826
lovins 257 0.000000 64 806826
lovins 258 0.000000 64 806826
lovins 259 0.541469 64 806826
lovins 260 0.000000 64 806826
lovins 261 0.000000 64 806826
lovins 262 0.000000 64 806826
lovins 263 0.000000 64 806826
lovins 264 0.000000 64 806826
lovins 265 0.000000 64 806826
lovins 266 0.000000 64 806826
lovins 267 0.000000 64 806826
lovins 268 0.000000 64 806826
lovins 269 0.000000 64 806826
lovins 270 0.000000 64 806826
lovins 271 0.000000 64 806826
lovins 272 0.138827 64 806826
lovins 273 0.436565 64 806826
lovins 274 0.000000 64 806826
lovins 275 0.000000 64 806826
lovins 276 0.000000 64 806826
lovins 277 0.000000 64 806826
lovins 278 0.000000 64 806826
lovins 279 0.000000 64 806826
lovins 280 0.279838 64 806826
lovins 281 0.000000 64 806826
lovins 282 0.000000 64 806826
lovins 283 0.000000 64 806826
lovins 284 0.000000 64 806826
lovins 285 0.000000 64 806826
lovins 286 0.000000 64 806826
lovins 287 0.000000 64 806826
lovins 288 0.000000 64 806826
lovins 289 0.000000 64 806826
lovins 290 0.000000 64 806826
lovins 291 0.000000 64 806826
lovins 292 0.000000 64 806826
lovins 293 0.000000 64 806826
lovins 294 0.000000 64 806826
lovins 295 0.000000 64 806826
lovins 296 0.000000 64 806826
lovins 297 0.000000 64 806826
lovins 298 0.000000 64 806826
lovins 299 0.000000 64 806826
lovins 300 0.000000 64 806826
lovins amean 0.067912 64 806826
wikt 201 0.000000 64 806826
wikt 202 0.000000 64 806826
wikt 203 0.000000 64 806826
wikt 204 0.000000 64 806826
wikt 205 0.000000 64 806826
wikt 206 0.000000 64 806826
wikt 207 0.000000 64 806826
wikt 208 0.325950 64 806826
wikt 209 0.000000 64 806826
wikt 210 0.000000 64 806826
wikt 211 0.000000 64 806826
wikt 212 0.198258 64 806826
wikt 213 0.000000 64 806826
wikt 214 0.279838 64 806826
wikt 215 0.000000 64 806826
wikt 216 0.217911 64 806826
wikt 217 0.649763 64 806826
wikt 218 0.000000 64 806826
wikt 219 0.000000 64 806826
wikt 220 0.000000 64 806826
wikt 221 0.924700 64 806826
wikt 222 0.000000 64 806826
wikt 223 0.000000 64 806826
wikt 224 0.000000 64 806826
wikt 225 0.000000 64 806826
wikt 226 0.149335 64 806826
wikt 227 0.000000 64 806826
wikt 228 0.000000 64 806826
wikt 229 0.000000 64 806826
wikt 230 0.000000 64 806826
wikt 231 0.000000 64 806826
wikt 232 0.649763 64 806826
wikt 233 0.000000 64 806826
wikt 234 0.000000 64 806826
wikt 235 0.000000 64 806826
wikt 236 0.000000 64 806826
wikt 237 0.000000 64 806826
wikt 238 0.000000 64 806826
wikt 239 0.649763 64 806826
wikt 240 0.216588 64 806826
wikt 241 0.000000 64 806826
wikt 242 0.000000 64 806826
wikt 243 0.000000 64 806826
wikt 244 0.000000 64 806826
wikt 245 0.000000 64 806826
wikt 246 0.000000 64 806826
wikt 247 0.000000 64 806826
wikt 248 0.324882 64 806826
wikt 249 0.000000 64 806826
wikt 250 0.000000 64 806826
wikt 251 0.000000 64 806826
wikt 252 0.000000 64 806826
wikt 253 0.000000 64 806826
wikt 254 0.000000 64 806826
wikt 255 0.000000 64 806826
wikt 256 0.649763 64 806826
wikt 257 0.000000 64 806826
wikt 258 0.000000 64 806826
wikt 259 0.541469 64 806826
wikt 260 0.000000 64 806826
wikt 261 0.000000 64 806826
wikt 262 0.000000 64 806826
wikt 263 0.000000 64 806826
wikt 264 0.000000 64 806826
wikt 265 0.000000 64 806826
wikt 266 0.000000 64 806826
wikt 267 0.000000 64 806826
wikt 268 0.000000 64 806826
wikt 269 0.000000 64 806826
wikt 270 0.000000 64 806826
wikt 271 0.000000 64 806826
wikt 272 0.107411 64 806826
wikt 273 0.000000 64 806826
wikt 274 0.000000 64 806826
wikt 275 0.000000 64 806826
wikt 276 0.000000 64 806826
wikt 277 0.000000 64 806826
wikt 278 0.000000 64 806826
wikt 279 0.000000 64 806826
wikt 280 0.279838 64 806826
wikt 281 0.000000 64 806826
wikt 282 0.000000 64 806826
wikt 283 0.000000 64 806826
wikt 284 0.000000 64 806826
wikt 285 0.000000 64 806826
wikt 286 0.000000 64 806826
wikt 287 0.000000 64 806826
wikt 288 0.000000 64 806826
wikt 289 0.000000 64 806826
wikt 290 0.000000 64 806826
wikt 291 0.000000 64 806826
wikt 292 0.000000 64 806826
wikt 293 0.000000 64 806826
wikt 294 0.000000 64 806826
wikt 295 0.000000 64 806826
wikt 296 0.000000 64 806826
wikt 297 0.000000 64 806826
wikt 298 0.000000 64 806826
wikt 299 0.000000 64 806826
wikt 300 0.000000 64 806826
wikt amean 0.061652 64 806826
none 201 0.000000 64 806826
none 202 0.000000 64 806826
none 203 0.000000 64 806826
none 204 0.000000 64 806826
none 205 0.000000 64 806826
none 206 0.000000 64 806826
none 207 0.000000 64 806826
none 208 0.325950 64 806826
none 209 0.000000 64 806826
none 210 0.179017 64 806826
none 211 0.000000 64 806826
none 212 0.155019 64 806826
none 213 0.000000 64 806826
none 214 0.000000 64 806826
none 215 0.000000 64 806826
none 216 0.217911 64 806826
none 217 0.649763 64 806826
none 218 0.000000 64 806826
none 219 0.000000 64 806826
none 220 0.000000 64 806826
none 221 0.882163 64 806826
none 222 0.000000 64 806826
none 223 0.000000 64 806826
none 224 0.000000 64 806826
none 225 0.000000 64 806826
none 226 0.149335 64 806826
none 227 0.000000 64 806826
none 228 0.000000 64 806826
none 229 0.000000 64 806826
none 230 0.000000 64 806826
none 231 0.000000 64 806826
none 232 0.649763 64 806826
none 233 0.000000 64 806826
none 234 0.000000 64 806826
none 235 0.000000 64 806826
none 236 0.000000 64 806826
none 237 0.000000 64 806826
none 238 0.000000 64 806826
none 239 0.649763 64 806826
none 240 0.324882 64 806826
none 241 0.000000 64 806826
none 242 0.000000 64 806826
none 243 0.000000 64 806826
none 244 0.000000 64 806826
none 245 0.000000 64 806826
none 246 0.000000 64 806826
none 247 0.000000 64 806826
none 248 0.649763 64 806826
none 249 0.000000 64 806826
none 250 0.000000 64 806826
none 251 0.000000 64 806826
none 252 0.000000 64 806826
none 253 0.000000 64 806826
none 254 0.000000 64 806826
none 255 0.000000 64 806826
none 256 0.649763 64 806826
none 257 0.000000 64 806826
none 258 0.000000 64 806826
none 259 0.541469 64 806826
none 260 0.000000 64 806826
none 261 0.000000 64 806826
none 262 0.000000 64 806826
none 263 0.000000 64 806826
none 264 0.000000 64 806826
none 265 0.000000 64 806826
none 266 0.000000 64 806826
none 267 0.000000 64 806826
none 268 0.000000 64 806826
none 269 0.000000 64 806826
none 270 0.000000 64 806826
none 271 0.000000 64 806826
none 272 0.119579 64 806826
none 273 0.000000 64 806826
none 274 0.000000 64 806826
none 275 0.000000 64 806826
none 276 0.000000 64 806826
none 277 0.000000 64 806826
none 278 0.000000 64 806826
none 279 0.000000 64 806826
none 280 0.324882 64 806826
none 281 0.000000 64 806826
none 282 0.000000 64 806826
none 283 0.000000 64 806826
none 284 0.000000 64 806826
none 285 0.000000 64 806826
none 286 0.000000 64 806826
none 287 0.000000 64 806826
none 288 0.000000 64 806826
none 289 0.000000 64 806826
none 290 0.000000 64 806826
none 291 0.000000 64 806826
none 292 0.000000 64 806826
none 293 0.000000 64 806826
none 294 0.000000 64 806826
none 295 0.000000 64 806826
none 296 0.000000 64 806826
none 297 0.000000 64 806826
none 298 0.000000 64 806826
none 299 0.000000 64 806826
none 300 0.000000 64 806826
none amean 0.064690 64 806826
