nERR-IA@10
0.211086
0.000000
0.721433
0.972432
0.000000
0.201523
0.101771
0.478868
0.193422
0.288353
0.992346
0.000000
0.381859
0.914567
0.051769
0.644034
0.958153
0.247993
0.000000
0.000000
0.938829
0.702475
0.220438
0.000000
0.481715
0.194813
0.807318
0.841672
0.892774
0.757505
0.500995
0.841672
0.017993
0.185368
0.000000
0.861712
0.036095
0.000000
0.472940
0.240478
0.931851
0.421005
0.591532
0.814111
0.033386
0.000000
0.000000
0.000000
0.214453
0.000000
0.000000
0.811612
0.182240
0.078393
0.000000
0.000000
0.373274
0.000000
0.799803
0.000000
0.000000
0.330657
0.000000
0.000000
0.000000
0.937863
0.000000
0.000000
0.000000
0.223052
0.000000
0.087731
0.000000
0.034890
0.000000
0.000000
0.000000
0.000000
0.105196
0.195818
0.000000
0.278267
0.841672
0.434864
0.480955
0.103062
0.000000
0.144500
0.000000
0.000000
0.000000
0.721433
0.360717
0.034255
0.366729
0.360717
0.135496
0.000000
0.100211
0.000000
0.278841
nERR-IA@10
0.211086
0.000000
0.000000
0.972432
0.180358
0.191953
0.101771
0.478868
0.232107
0.311682
0.992346
0.000000
0.378571
0.913493
0.051769
0.644034
0.450896
0.255508
0.000000
0.000000
0.904153
0.703076
0.258514
0.000000
0.476422
0.194813
0.823636
0.412248
0.892774
0.721433
0.470936
0.841672
0.017993
0.185368
0.000000
0.859708
0.036095
0.000000
0.472940
0.165328
0.946881
0.421005
0.591532
0.814111
0.033386
0.000000
0.000000
0.000000
0.214453
0.000000
0.000000
0.901792
0.182240
0.078393
0.000000
0.886762
0.373274
0.046613
0.820380
0.361654
0.000000
0.330657
0.103062
0.000000
0.000000
0.937863
0.000000
0.000000
0.000000
0.223052
0.000000
0.116975
0.000000
0.000000
0.000000
0.312621
0.000000
0.000000
0.123491
0.225448
0.000000
0.278267
0.841672
0.449894
0.480955
0.103062
0.000000
0.144500
0.000000
0.000000
0.000000
0.721433
0.721433
0.000000
0.366729
0.360717
0.135496
0.000000
0.100211
0.000000
0.285540
nERR-IA@10
0.211086
0.000000
0.360717
0.912062
0.120239
0.302233
0.077540
0.478868
0.232107
0.289077
0.993152
0.000000
0.356026
0.911239
0.069026
0.602905
0.450896
0.255508
0.000000
0.000000
0.889123
0.707951
0.258514
0.000000
0.489126
0.210706
0.847684
0.450896
0.892774
0.721433
0.476661
0.841672
0.017993
0.209416
0.000000
0.861712
0.036095
0.000000
0.381758
0.240478
0.961911
0.421005
0.341269
0.814111
0.033386
0.000000
0.000000
0.000000
0.214453
0.000000
0.000000
0.901792
0.182240
0.078393
0.000000
0.901792
0.373274
0.000000
0.799803
0.361654
0.000000
0.000000
0.120239
0.000000
0.000000
0.937863
0.000000
0.000000
0.000000
0.223052
0.000000
0.035092
0.000000
0.000000
0.000000
0.721433
0.000000
0.000000
0.129371
0.143142
0.000000
0.278267
0.793577
0.813616
0.480955
0.000000
0.000000
0.144500
0.000000
0.000000
0.000000
0.721433
0.000000
0.066607
0.486967
0.721433
0.153562
0.072143
0.100211
0.000000
0.286852
nERR-IA@10
0.211086
0.000000
0.721433
0.974686
0.180358
0.198394
0.077540
0.478868
0.232107
0.308639
0.993152
0.000000
0.378571
0.913744
0.051769
0.644034
0.541075
0.255508
0.000000
0.000000
0.544564
0.702475
0.258514
0.000000
0.476422
0.194813
0.807318
0.450896
0.892774
0.721433
0.470936
0.841672
0.019992
0.218434
0.000000
0.859708
0.036095
0.000000
0.498240
0.148151
0.946881
0.421005
0.341269
0.814111
0.033386
0.000000
0.000000
0.000000
0.214453
0.000000
0.000000
0.901792
0.182240
0.230122
0.000000
0.886762
0.373274
0.046613
0.820380
0.361654
0.000000
0.330657
0.090179
0.000000
0.000000
0.937863
0.000000
0.000000
0.000000
0.223052
0.000000
0.087731
0.674899
0.000000
0.000000
0.811612
0.000000
0.000000
0.105196
0.139134
0.000000
0.278267
0.841672
0.441305
0.480955
0.103062
0.000000
0.144500
0.000000
0.000000
0.000000
0.721433
0.721433
0.038061
0.366729
0.360717
0.135496
0.480955
0.100211
0.000000
0.304925
nERR-IA@10
0.140279
0.000000
0.360717
0.000000
0.120239
0.166617
0.038770
0.478868
0.232107
0.310378
0.993152
0.000000
0.378571
0.911239
0.051769
0.615584
0.958153
0.210418
0.000000
0.000000
0.905281
0.694799
0.220438
0.000000
0.489126
0.259409
0.847684
0.000000
0.899215
0.721433
0.470936
0.841672
0.017993
0.202402
0.018756
0.811612
0.028876
0.000000
0.472940
0.144287
0.961911
0.421005
0.341269
0.814111
0.040063
0.000000
0.000000
0.000000
0.076067
0.000000
0.000000
0.841672
0.182240
0.230122
0.000000
0.791000
0.373274
0.058266
0.775708
0.361654
0.000000
0.330657
0.080159
0.000000
0.000000
0.937863
0.000000
0.000000
0.000000
0.223052
0.000000
0.087731
0.674899
0.044859
0.000000
0.811612
0.000000
0.000000
0.125015
0.144287
0.000000
0.272541
0.841672
0.434864
0.480955
0.090179
0.000000
0.144500
0.000000
0.000000
0.000000
0.721433
0.721433
0.038061
0.366729
0.721433
0.135496
0.360717
0.100211
0.000000
0.291724
nERR-IA@10
0.211086
0.000000
0.721433
0.972432
0.090179
0.198394
0.101771
0.478868
0.193422
0.000000
0.970607
0.000000
0.378571
0.913493
0.051769
0.644034
0.958153
0.247993
0.000000
0.000000
0.544564
0.703076
0.258514
0.000000
0.469363
0.193788
0.823636
0.312621
0.892774
0.721433
0.470936
0.841672
0.017993
0.103062
0.000000
0.859708
0.036095
0.000000
0.472940
0.103062
0.946881
0.421005
0.341269
0.814111
0.033386
0.000000
0.000000
0.000000
0.076067
0.000000
0.000000
0.901792
0.182240
0.078393
0.000000
0.877744
0.373274
0.046613
0.820380
0.470151
0.000000
0.330657
0.000000
0.000000
0.000000
0.937863
0.000000
0.000000
0.000000
0.223052
0.000000
0.035092
0.000000
0.000000
0.000000
0.312621
0.000000
0.000000
0.125015
0.225448
0.000000
0.278267
0.841672
0.449894
0.480955
0.090179
0.000000
0.144500
0.000000
0.000000
0.000000
0.721433
0.721433
0.034255
0.366729
0.360717
0.135496
0.000000
0.100211
0.000000
0.282562
nERR-IA@10
0.211086
0.000000
0.721433
0.909807
0.000000
0.793495
0.046524
0.478868
0.232107
0.289077
0.993152
0.200874
0.356026
0.908233
0.069026
0.602905
0.480955
0.243484
0.000000
0.000000
0.883004
0.707951
0.189376
0.000000
0.481715
0.210706
0.847684
0.120239
0.892774
0.757505
0.506721
0.811612
0.000000
0.218362
0.020841
0.864217
0.048127
0.000000
0.381758
0.405806
0.931851
0.421005
0.295766
0.814111
0.033386
0.000000
0.000000
0.090179
0.219952
0.000000
0.000000
0.901792
0.182240
0.078393
0.000000
0.901792
0.373274
0.000000
0.801592
0.361654
0.000000
0.000000
0.120239
0.000000
0.000000
0.937863
0.000000
0.000000
0.000000
0.223052
0.000000
0.120630
0.000000
0.000000
0.000000
0.721433
0.000000
0.000000
0.129371
0.165328
0.000000
0.144287
0.793577
0.974794
0.000000
0.103062
0.000000
0.144500
0.000000
0.000000
0.000000
0.721433
0.000000
0.214095
0.366729
0.360717
0.153562
0.072143
0.100211
0.000000
0.288595
