nERR-IA@10
0.342824
0.063332
0.547516
0.367731
0.000000
0.239864
0.174464
0.491282
0.180528
0.120992
0.539321
0.000000
0.430683
0.986209
0.094335
0.476854
0.916660
0.421641
0.000000
0.000000
0.976780
0.578586
0.510944
0.766523
0.555825
0.333599
0.938829
0.536065
0.505486
0.498991
0.200828
0.995191
0.000000
0.491190
0.056269
0.994842
0.655133
0.000000
0.266243
0.090179
0.958887
0.097065
0.654098
0.164832
0.214624
0.000000
0.000000
0.000000
0.226064
0.000000
0.090179
0.993715
0.470407
0.380587
0.000000
0.000000
0.286628
0.524396
0.813616
0.000000
0.721433
0.245488
0.180358
0.412248
0.000000
0.867438
0.120239
0.761513
0.000000
0.135525
0.721433
0.120456
0.000000
0.000000
0.098530
0.000000
0.000000
0.047068
0.488817
0.240478
0.089555
0.278267
0.991971
0.999266
0.707405
0.721433
0.360717
0.465438
0.000000
0.333382
0.466854
0.984456
0.396788
0.057092
0.194386
0.991971
0.777846
0.000000
0.380801
0.000000
0.365795
nERR-IA@10
0.287714
0.063332
0.721433
0.359715
0.090179
0.319001
0.176541
0.491282
0.193422
0.124035
0.539321
0.000000
0.430683
0.972423
0.149556
0.477214
0.540198
0.421641
0.000000
0.000000
0.996444
0.578586
0.552777
0.901792
0.555825
0.207277
0.952893
0.230172
0.505486
0.480955
0.912312
0.995191
0.000000
0.492944
0.070337
0.990333
0.644305
0.080159
0.230172
0.000000
0.994529
0.097065
0.654098
0.164832
0.214624
0.000000
0.000000
0.000000
0.226064
0.000000
0.072143
0.998484
0.466990
0.336333
0.000000
0.994225
0.287276
0.271909
0.825761
0.301379
0.721433
0.178354
0.240478
0.360717
0.000000
0.867438
0.120239
0.721433
0.000000
0.107291
0.000000
0.271966
0.000000
0.031401
0.082109
0.139134
0.000000
0.047068
0.389583
0.180358
0.089555
0.278267
0.991971
0.999266
0.707405
0.721433
0.721433
0.468019
0.000000
0.333382
0.466854
0.984456
0.412248
0.057092
0.224875
0.987462
0.767809
0.000000
0.380801
0.000000
0.376927
nERR-IA@10
0.342824
0.063332
0.541075
0.329082
0.072143
0.891807
0.125033
0.491282
0.193422
0.099547
0.389023
0.000000
0.428479
0.911060
0.154733
0.510373
0.541003
0.421641
0.000000
0.000000
0.991935
0.581241
0.552777
0.772964
0.518770
0.334162
0.952893
0.506721
0.857453
0.480955
0.554101
0.996041
0.000000
0.492443
0.140673
0.990333
0.644305
0.080159
0.359715
0.270537
0.990897
0.097065
0.614284
0.164832
0.214624
0.000000
0.000000
0.000000
0.225365
0.000000
0.000000
0.998484
0.341700
0.336333
0.000000
0.991971
0.306021
0.524396
0.818125
0.278072
0.721433
0.000000
0.225448
0.721433
0.000000
0.867438
0.180358
0.757505
0.000000
0.107291
0.000000
0.129769
0.000000
0.031401
0.100355
0.793577
0.000000
0.039223
0.325878
0.180358
0.090307
0.278267
0.984456
0.999859
0.466928
0.721433
0.721433
0.465238
0.000000
0.333382
0.466854
0.984456
0.000000
0.000000
0.260947
0.976941
0.776842
0.000000
0.380801
0.000000
0.385758
nERR-IA@10
0.336919
0.063332
0.547516
0.367731
0.126251
0.239864
0.125356
0.491282
0.193422
0.131135
0.539321
0.000000
0.426887
0.960014
0.070669
0.477214
0.902042
0.421641
0.000000
0.000000
0.996041
0.578986
0.552777
0.901792
0.555825
0.336437
0.952893
0.506721
0.505486
0.941871
0.912312
0.995191
0.035985
0.492944
0.070337
0.990333
0.644305
0.080159
0.342681
0.000000
0.994529
0.097065
0.614284
0.164832
0.214624
0.000000
0.000000
0.000000
0.225365
0.000000
0.090179
0.998484
0.466990
0.298843
0.000000
0.994225
0.287276
0.271909
0.826262
0.327498
0.721433
0.202402
0.240478
0.360717
0.000000
0.867438
0.120239
0.721433
0.000000
0.107291
0.072143
0.270504
0.693130
0.017445
0.098530
0.330657
0.000000
0.039223
0.385908
0.180358
0.090307
0.278267
0.991971
0.999266
0.707405
0.721433
0.721433
0.465438
0.000000
0.333382
0.466854
0.979947
0.721433
0.057092
0.224875
0.987462
0.777846
0.282561
0.380801
0.000000
0.403031
nERR-IA@10
0.192382
0.055415
0.541075
0.000000
0.000000
0.381401
0.126279
0.491282
0.193422
0.118819
0.539321
0.000000
0.430734
0.972987
0.072107
0.499575
0.976502
0.420210
0.000000
0.000000
0.996444
0.561851
0.510944
0.901792
0.296440
0.334162
0.952893
0.000000
0.385247
0.941871
0.551596
0.995191
0.000000
0.810610
0.070337
0.993724
0.643302
0.000000
0.230172
0.072143
0.993152
0.097065
0.627934
0.164832
0.214624
0.000000
0.000000
0.000000
0.116620
0.000000
0.000000
0.997231
0.466990
0.298843
0.000000
0.979947
0.287276
0.271909
0.655469
0.351608
0.721433
0.120239
0.276549
0.360717
0.000000
0.867438
0.120239
0.721433
0.000000
0.107291
0.721433
0.054310
0.697457
0.031401
0.000000
0.292009
0.000000
0.039223
0.385908
0.180358
0.089555
0.226951
0.991971
0.999266
0.707405
0.721433
0.721433
0.465238
0.000000
0.333382
0.466854
0.984456
0.721433
0.057092
0.224875
0.976941
0.777846
0.103062
0.380801
0.000000
0.384312
nERR-IA@10
0.287714
0.049258
0.548590
0.341679
0.072143
0.297162
0.174464
0.491282
0.174080
0.000000
0.480955
0.000000
0.430683
0.972423
0.149556
0.477214
0.976502
0.421641
0.000000
0.000000
0.996041
0.578586
0.552777
0.000000
0.555825
0.207277
0.878710
0.230172
0.505486
0.480955
0.912312
0.995191
0.000000
0.804097
0.070337
0.990333
0.642500
0.080159
0.278267
0.000000
0.994529
0.097065
0.627934
0.164832
0.214624
0.000000
0.000000
0.000000
0.118912
0.000000
0.090179
0.998484
0.470407
0.380587
0.000000
0.987462
0.287276
0.271909
0.825980
0.216993
0.721433
0.178354
0.180358
0.450896
0.000000
0.867438
0.120239
0.721433
0.000000
0.107291
0.721433
0.268676
0.000000
0.031401
0.000000
0.120239
0.000000
0.058835
0.494534
0.180358
0.090307
0.278267
0.991971
0.999266
0.466928
0.721433
0.721433
0.465438
0.000000
0.333382
0.466854
0.984456
0.721433
0.057092
0.224875
0.991971
0.776842
0.000000
0.380801
0.000000
0.377472
nERR-IA@10
0.342824
0.063332
0.952392
0.329082
0.090179
0.816840
0.126279
0.491282
0.249300
0.091433
0.539321
0.052729
0.426855
0.962161
0.149556
0.510373
0.387395
0.328778
0.000000
0.291066
0.978193
0.581241
0.551148
0.772964
0.555825
0.334162
0.952893
0.000000
0.857453
0.498991
0.554816
0.990092
0.000000
0.832654
0.062522
0.991935
0.684096
0.072143
0.359715
0.275046
0.958887
0.097065
0.567264
0.164832
0.217009
0.000000
0.000000
0.000000
0.226064
0.000000
0.180358
0.998640
0.341700
0.336333
0.000000
0.995979
0.306021
0.524396
0.818125
0.310420
0.781553
0.000000
0.225448
0.721433
0.000000
0.871732
0.180358
0.360717
0.000000
0.135525
0.000000
0.371377
0.000000
0.047974
0.082109
0.811612
0.000000
0.047068
0.325878
0.180358
0.090307
0.528908
0.984456
0.999266
0.641274
0.000000
0.721433
0.465438
0.000000
0.333382
0.466854
0.979947
0.000000
0.092979
0.224875
0.887764
0.776842
0.000000
0.380801
0.000000
0.388678
