nERR-IA@10
0.120239
0.000000
0.721433
0.000000
0.000000
0.000000
0.000000
0.361680
0.000000
0.202861
0.000000
0.000000
0.150301
0.000000
0.000000
0.523687
0.721433
0.000000
0.000000
0.000000
0.841672
0.000000
0.360717
0.000000
0.000000
0.123040
0.120239
0.721433
0.000000
0.000000
0.000000
0.901792
0.000000
0.000000
0.000000
0.080159
0.000000
0.000000
0.811612
0.180358
0.000000
0.000000
0.000000
0.000000
0.000000
0.000000
0.000000
0.000000
0.000000
0.000000
0.000000
0.000000
0.000000
0.000000
0.000000
0.180358
0.000000
0.000000
0.751493
0.000000
0.000000
0.000000
0.000000
0.000000
0.000000
0.000000
0.000000
0.000000
0.000000
0.000000
0.000000
0.350924
0.000000
0.157007
0.000000
0.793577
0.000000
0.000000
0.000000
0.360717
0.180363
0.090179
0.000000
0.000000
0.000000
0.000000
0.000000
0.000000
0.000000
0.000000
0.000000
0.000000
0.721433
0.042819
0.000000
0.000000
0.000000
0.000000
0.000000
0.000000
0.105715
nERR-IA@10
0.120239
0.000000
0.000000
0.000000
0.000000
0.000000
0.000000
0.361680
0.000000
0.202861
0.000000
0.000000
0.150301
0.000000
0.000000
0.523687
0.721433
0.000000
0.000000
0.000000
0.961911
0.000000
0.360717
0.000000
0.000000
0.123040
0.144287
0.721433
0.000000
0.000000
0.000000
0.901792
0.000000
0.000000
0.000000
0.000000
0.000000
0.000000
0.811612
0.721433
0.000000
0.000000
0.000000
0.000000
0.000000
0.000000
0.000000
0.180358
0.000000
0.000000
0.000000
0.000000
0.000000
0.000000
0.000000
0.901792
0.000000
0.000000
0.751493
0.000000
0.000000
0.000000
0.000000
0.000000
0.000000
0.000000
0.000000
0.000000
0.000000
0.000000
0.000000
0.350924
0.000000
0.157007
0.000000
0.901792
0.000000
0.000000
0.000000
0.360717
0.180363
0.090179
0.000000
0.000000
0.000000
0.000000
0.000000
0.000000
0.000000
0.000000
0.000000
0.000000
0.721433
0.042819
0.000000
0.000000
0.000000
0.000000
0.000000
0.000000
0.114653
nERR-IA@10
0.120239
0.000000
0.721433
0.000000
0.000000
0.000000
0.000000
0.361680
0.000000
0.202861
0.000000
0.040175
0.150301
0.000000
0.000000
0.241702
0.721433
0.000000
0.000000
0.000000
0.976941
0.000000
0.360717
0.000000
0.000000
0.123040
0.240478
0.721433
0.000000
0.000000
0.000000
0.901792
0.000000
0.000000
0.000000
0.090179
0.000000
0.000000
0.781553
0.360717
0.000000
0.000000
0.000000
0.000000
0.000000
0.000000
0.000000
0.180358
0.000000
0.000000
0.000000
0.000000
0.000000
0.000000
0.000000
0.901792
0.000000
0.000000
0.751493
0.000000
0.000000
0.000000
0.000000
0.000000
0.000000
0.000000
0.000000
0.000000
0.000000
0.000000
0.000000
0.350924
0.000000
0.157007
0.000000
0.901792
0.000000
0.000000
0.000000
0.360717
0.180363
0.090179
0.000000
0.000000
0.000000
0.000000
0.000000
0.000000
0.000000
0.000000
0.000000
0.000000
0.000000
0.085638
0.000000
0.000000
0.000000
0.000000
0.000000
0.000000
0.110769
nERR-IA@10
0.120239
0.000000
0.721433
0.000000
0.000000
0.000000
0.000000
0.361680
0.000000
0.202861
0.000000
0.000000
0.150301
0.000000
0.000000
0.523687
0.721433
0.000000
0.080159
0.000000
0.961911
0.000000
0.360717
0.000000
0.000000
0.123040
0.120239
0.721433
0.000000
0.000000
0.000000
0.901792
0.000000
0.000000
0.000000
0.000000
0.000000
0.000000
0.721433
0.721433
0.000000
0.000000
0.000000
0.000000
0.000000
0.000000
0.000000
0.180358
0.000000
0.000000
0.000000
0.000000
0.000000
0.000000
0.000000
0.901792
0.000000
0.000000
0.751493
0.000000
0.000000
0.000000
0.000000
0.000000
0.000000
0.000000
0.000000
0.000000
0.000000
0.000000
0.000000
0.350924
0.484543
0.157007
0.000000
0.901792
0.000000
0.000000
0.000000
0.360717
0.180363
0.090179
0.000000
0.000000
0.000000
0.000000
0.000000
0.000000
0.000000
0.000000
0.000000
0.000000
0.721433
0.042819
0.000000
0.000000
0.000000
0.000000
0.000000
0.000000
0.126372
nERR-IA@10
0.120239
0.000000
0.721433
0.000000
0.000000
0.000000
0.000000
0.361680
0.000000
0.202861
0.000000
0.000000
0.150301
0.000000
0.000000
0.281985
0.721433
0.000000
0.000000
0.000000
0.961911
0.000000
0.360717
0.000000
0.000000
0.123040
0.240478
0.360717
0.000000
0.000000
0.000000
0.901792
0.000000
0.000000
0.000000
0.000000
0.000000
0.000000
0.811612
0.120239
0.000000
0.000000
0.000000
0.000000
0.000000
0.000000
0.000000
0.080159
0.000000
0.000000
0.000000
0.000000
0.000000
0.000000
0.000000
0.901792
0.000000
0.000000
0.751493
0.000000
0.000000
0.000000
0.000000
0.000000
0.000000
0.000000
0.000000
0.000000
0.000000
0.000000
0.000000
0.350924
0.484543
0.314013
0.000000
0.901792
0.000000
0.000000
0.000000
0.360717
0.180363
0.090179
0.000000
0.000000
0.000000
0.000000
0.000000
0.000000
0.000000
0.000000
0.000000
0.000000
0.721433
0.042819
0.000000
0.000000
0.000000
0.000000
0.000000
0.000000
0.116207
nERR-IA@10
0.120239
0.000000
0.721433
0.000000
0.000000
0.000000
0.000000
0.361680
0.000000
0.000000
0.000000
0.000000
0.150301
0.072143
0.000000
0.523687
0.721433
0.000000
0.000000
0.000000
0.961911
0.000000
0.360717
0.000000
0.000000
0.123040
0.144287
0.721433
0.000000
0.000000
0.000000
0.901792
0.000000
0.000000
0.000000
0.000000
0.000000
0.000000
0.811612
0.103062
0.000000
0.000000
0.000000
0.000000
0.000000
0.000000
0.000000
0.180358
0.000000
0.000000
0.000000
0.000000
0.000000
0.000000
0.000000
0.901792
0.000000
0.000000
0.751493
0.000000
0.000000
0.000000
0.000000
0.000000
0.000000
0.000000
0.000000
0.000000
0.000000
0.000000
0.000000
0.116975
0.000000
0.157007
0.000000
0.901792
0.000000
0.000000
0.000000
0.360717
0.180363
0.090179
0.000000
0.000000
0.000000
0.000000
0.000000
0.000000
0.000000
0.000000
0.000000
0.000000
0.721433
0.042819
0.000000
0.000000
0.000000
0.000000
0.000000
0.000000
0.112037
nERR-IA@10
0.120239
0.000000
0.721433
0.000000
0.000000
0.000000
0.000000
0.361680
0.000000
0.202861
0.000000
0.022319
0.150301
0.000000
0.000000
0.241702
0.721433
0.000000
0.000000
0.000000
0.964917
0.000000
0.360717
0.000000
0.000000
0.123040
0.240478
0.721433
0.000000
0.000000
0.000000
0.901792
0.000000
0.000000
0.000000
0.000000
0.000000
0.000000
0.781553
0.360717
0.000000
0.000000
0.000000
0.000000
0.000000
0.000000
0.000000
0.721433
0.000000
0.000000
0.000000
0.000000
0.000000
0.000000
0.000000
0.901792
0.000000
0.000000
0.751493
0.000000
0.000000
0.000000
0.000000
0.000000
0.000000
0.000000
0.000000
0.000000
0.000000
0.000000
0.000000
0.116975
0.000000
0.104671
0.000000
0.901792
0.000000
0.000000
0.000000
0.360717
0.180363
0.000000
0.000000
0.000000
0.000000
0.000000
0.000000
0.000000
0.000000
0.000000
0.000000
0.000000
0.000000
0.171276
0.000000
0.000000
0.000000
0.000000
0.000000
0.000000
0.112071
