nERR-IA@10
0.522514
0.221660
0.905298
0.972432
0.000000
0.262562
0.422407
0.477414
0.241778
0.169896
0.996292
0.000000
0.354147
0.915873
0.034513
0.632309
0.536065
0.287822
0.000000
0.036383
0.517027
0.728042
0.989967
0.144287
0.466893
0.217242
0.933354
0.432860
0.975429
0.901792
0.278267
0.979947
0.000000
0.400796
0.140673
0.538498
0.299077
0.000000
0.363222
0.180358
0.983382
0.207866
0.682537
0.398010
0.222573
0.000000
0.000000
0.000000
0.226996
0.000000
0.090179
0.957903
0.354799
0.338988
0.000000
0.000000
0.686279
0.466130
0.814117
0.000000
0.000000
0.486967
0.721433
0.468932
0.020617
0.880750
0.000000
0.144287
0.000000
0.154785
0.721433
0.050132
0.000000
0.039252
0.032843
0.000000
0.000000
0.000000
0.752092
0.360717
0.150302
0.360717
0.931851
0.986388
0.625242
0.000000
0.000000
0.258895
0.000000
0.328836
0.583567
0.901792
0.360717
0.000000
0.293834
0.841672
0.060220
0.000000
0.390822
0.000000
0.358160
nERR-IA@10
0.522514
0.221660
0.000000
0.975653
0.254434
0.348447
0.422407
0.477414
0.283686
0.170983
0.996292
0.000000
0.354147
0.915873
0.041416
0.637344
0.360717
0.290577
0.000000
0.036383
0.884615
0.728042
0.989967
0.721433
0.472451
0.266458
0.946094
0.120239
0.975429
0.901792
0.511015
0.979947
0.000000
0.405806
0.187565
0.547516
0.299077
0.000000
0.363222
0.000000
0.996292
0.207866
0.682537
0.398010
0.228933
0.000000
0.000000
0.000000
0.226996
0.000000
0.090179
0.991971
0.354799
0.338988
0.000000
0.964917
0.686279
0.486523
0.831026
0.361654
0.000000
0.342681
0.786563
0.721433
0.016036
0.880750
0.000000
0.090179
0.000000
0.154785
0.000000
0.035092
0.000000
0.039252
0.032843
0.249925
0.000000
0.000000
0.758646
0.360717
0.150302
0.360717
0.931851
0.986388
0.625242
0.000000
0.000000
0.255283
0.000000
0.328836
0.583567
0.901792
0.292009
0.000000
0.295444
0.841672
0.060220
0.000000
0.390822
0.000000
0.369306
nERR-IA@10
0.412295
0.221660
0.950370
0.904797
0.090179
0.765521
0.270835
0.477414
0.283686
0.170983
0.996292
0.000000
0.354147
0.917506
0.051769
0.591890
0.360717
0.287822
0.000000
0.036383
0.871732
0.723905
0.989967
0.180358
0.469363
0.303370
0.952875
0.280557
0.975429
0.901792
0.526045
0.976941
0.000000
0.405806
0.187565
0.549771
0.299077
0.000000
0.342144
0.793577
0.995191
0.207866
0.669537
0.398010
0.228933
0.000000
0.000000
0.000000
0.228027
0.000000
0.000000
0.991971
0.301428
0.338988
0.000000
0.924336
0.686279
0.466130
0.814117
0.361654
0.000000
0.000000
0.786563
0.757505
0.020617
0.880750
0.000000
0.120239
0.000000
0.154785
0.000000
0.000000
0.000000
0.039252
0.027370
0.811612
0.000000
0.000000
0.758646
0.360717
0.150302
0.360717
0.927557
0.991971
0.625242
0.000000
0.000000
0.255283
0.000000
0.330015
0.583567
0.901792
0.000000
0.024468
0.355564
0.781553
0.060220
0.000000
0.390822
0.000000
0.379441
nERR-IA@10
0.522514
0.221660
0.905298
0.972432
0.254434
0.284034
0.270835
0.477414
0.283686
0.230755
0.996292
0.000000
0.346632
0.915873
0.034513
0.637344
0.383011
0.290577
0.000000
0.036383
0.860567
0.728042
0.989967
0.721433
0.444660
0.266458
0.938865
0.280557
0.975429
0.901792
0.511015
0.979947
0.000000
0.405806
0.187565
0.547516
0.299077
0.000000
0.367695
0.000000
0.996292
0.207866
0.669537
0.398010
0.228933
0.000000
0.000000
0.000000
0.226996
0.000000
0.080159
0.991971
0.354799
0.190294
0.000000
0.964917
0.686279
0.488604
0.831026
0.361654
0.000000
0.282561
0.779549
0.721433
0.020617
0.880750
0.000000
0.090179
0.000000
0.154785
0.180358
0.050132
0.689801
0.039252
0.032843
0.867438
0.000000
0.000000
0.752092
0.360717
0.150302
0.360717
0.931851
0.986388
0.625242
0.000000
0.000000
0.258895
0.000000
0.328836
0.583567
0.901792
0.721433
0.000000
0.295444
0.841672
0.060220
0.366729
0.390822
0.000000
0.398538
nERR-IA@10
0.377416
0.221660
0.894026
0.000000
0.148295
0.404518
0.265020
0.477205
0.283686
0.173954
0.989967
0.000000
0.354147
0.915873
0.029583
0.593635
0.526045
0.277426
0.000000
0.032341
0.890626
0.720920
0.989967
0.721433
0.466893
0.309522
0.946094
0.000000
0.975429
0.901792
0.511015
0.979947
0.000000
0.721433
0.187565
0.549091
0.297788
0.000000
0.363222
0.120239
0.997231
0.207866
0.669537
0.398010
0.228933
0.000000
0.000000
0.000000
0.120941
0.000000
0.090179
0.969927
0.354799
0.190294
0.000000
0.921831
0.686279
0.489251
0.686364
0.361654
0.000000
0.323142
0.721433
0.721433
0.048107
0.880750
0.000000
0.090179
0.000000
0.168902
0.721433
0.050132
0.689801
0.039252
0.000000
0.837378
0.000000
0.000000
0.758646
0.360717
0.150302
0.291579
0.931851
0.986388
0.625242
0.000000
0.000000
0.255283
0.000000
0.328836
0.583567
0.901792
0.721433
0.000000
0.295444
0.901792
0.060220
0.144287
0.390822
0.000000
0.389710
nERR-IA@10
0.522514
0.221660
0.958887
0.975653
0.080159
0.302898
0.422407
0.477414
0.241778
0.000000
0.292581
0.000000
0.354147
0.915873
0.041416
0.632309
0.527047
0.290577
0.000000
0.036383
0.860567
0.728042
0.989967
0.000000
0.469363
0.264535
0.943338
0.103062
0.975429
0.901792
0.511015
0.979947
0.000000
0.721433
0.187565
0.547516
0.299077
0.000000
0.363222
0.072143
0.996694
0.207866
0.669537
0.398010
0.228933
0.000000
0.000000
0.000000
0.122316
0.000000
0.080159
0.991971
0.354799
0.342528
0.000000
0.959764
0.686279
0.486523
0.828991
0.452068
0.000000
0.282561
0.721433
0.500995
0.018040
0.880750
0.000000
0.103062
0.000000
0.154785
0.721433
0.186428
0.000000
0.039252
0.000000
0.220438
0.000000
0.000000
0.758476
0.360717
0.150302
0.360717
0.931851
0.986388
0.625242
0.000000
0.000000
0.255283
0.000000
0.328836
0.583567
0.901792
0.721433
0.000000
0.295444
0.841672
0.060220
0.000000
0.390822
0.000000
0.374001
nERR-IA@10
0.522514
0.221660
0.910434
0.904797
0.120239
0.797012
0.268481
0.477205
0.303029
0.169896
0.996292
0.100437
0.346632
0.916942
0.051769
0.591890
0.360717
0.180358
0.000000
0.291066
0.843175
0.723905
0.985583
0.180358
0.469363
0.296778
0.952875
0.000000
0.975429
0.901792
0.535063
0.976941
0.000000
0.766523
0.140673
0.991971
0.300796
0.000000
0.342144
0.841672
0.982577
0.204687
0.637035
0.398010
0.210332
0.000000
0.000000
0.000000
0.228092
0.000000
0.000000
0.991971
0.301428
0.338988
0.000000
0.937863
0.686279
0.466130
0.817875
0.361654
0.000000
0.000000
0.786563
0.757505
0.054120
0.881752
0.000000
0.120239
0.000000
0.154785
0.000000
0.371029
0.000000
0.052336
0.032843
0.841672
0.000000
0.000000
0.758646
0.360717
0.150302
0.956901
0.927557
0.974686
0.480955
0.000000
0.000000
0.255283
0.000000
0.330015
0.583567
0.841672
0.000000
0.214095
0.295444
0.450896
0.060220
0.000000
0.390822
0.000000
0.394040
