nERR-IA@10
0.000000
0.000000
0.000000
0.000000
0.000000
0.000000
0.000000
0.361680
0.000000
0.182575
0.000000
0.081306
0.000000
0.080159
0.000000
0.241702
0.721433
0.000000
0.000000
0.000000
0.412248
0.000000
0.000000
0.000000
0.000000
0.092280
0.000000
0.000000
0.000000
0.000000
0.000000
0.721433
0.000000
0.000000
0.000000
0.000000
0.000000
0.000000
0.721433
0.180358
0.000000
0.000000
0.000000
0.000000
0.000000
0.000000
0.000000
0.000000
0.000000
0.000000
0.000000
0.000000
0.000000
0.000000
0.000000
0.240478
0.000000
0.000000
0.601194
0.000000
0.000000
0.000000
0.000000
0.000000
0.000000
0.000000
0.000000
0.000000
0.000000
0.000000
0.000000
0.350924
0.000000
0.000000
0.000000
0.000000
0.000000
0.000000
0.000000
0.360717
0.000000
0.000000
0.000000
0.000000
0.000000
0.000000
0.000000
0.000000
0.000000
0.000000
0.000000
0.000000
0.000000
0.000000
0.000000
0.000000
0.000000
0.000000
0.000000
0.000000
0.053499
nERR-IA@10
0.000000
0.000000
0.000000
0.000000
0.000000
0.000000
0.000000
0.361680
0.000000
0.182575
0.000000
0.097089
0.000000
0.103062
0.000000
0.241702
0.721433
0.000000
0.000000
0.000000
0.946881
0.000000
0.000000
0.000000
0.000000
0.092280
0.000000
0.000000
0.000000
0.000000
0.000000
0.721433
0.000000
0.000000
0.000000
0.000000
0.000000
0.000000
0.721433
0.721433
0.000000
0.000000
0.000000
0.000000
0.000000
0.000000
0.000000
0.240478
0.000000
0.000000
0.000000
0.000000
0.000000
0.000000
0.000000
0.721433
0.000000
0.000000
0.601194
0.000000
0.000000
0.000000
0.000000
0.000000
0.000000
0.000000
0.000000
0.000000
0.000000
0.000000
0.000000
0.350924
0.000000
0.000000
0.000000
0.000000
0.000000
0.000000
0.000000
0.360717
0.000000
0.000000
0.000000
0.000000
0.000000
0.000000
0.000000
0.000000
0.000000
0.000000
0.000000
0.000000
0.000000
0.000000
0.000000
0.000000
0.000000
0.000000
0.000000
0.000000
0.071857
nERR-IA@10
0.000000
0.000000
0.000000
0.000000
0.000000
0.000000
0.000000
0.361680
0.000000
0.182575
0.000000
0.097089
0.000000
0.000000
0.000000
0.241702
0.721433
0.000000
0.000000
0.000000
0.946881
0.000000
0.000000
0.000000
0.000000
0.092280
0.000000
0.000000
0.000000
0.000000
0.000000
0.721433
0.000000
0.000000
0.000000
0.000000
0.000000
0.000000
0.721433
0.360717
0.000000
0.000000
0.000000
0.000000
0.000000
0.000000
0.000000
0.240478
0.000000
0.000000
0.000000
0.000000
0.000000
0.000000
0.000000
0.721433
0.000000
0.000000
0.601194
0.000000
0.000000
0.000000
0.000000
0.000000
0.000000
0.000000
0.000000
0.000000
0.000000
0.000000
0.000000
0.350924
0.000000
0.000000
0.000000
0.000000
0.000000
0.000000
0.000000
0.360717
0.000000
0.000000
0.000000
0.000000
0.000000
0.000000
0.000000
0.000000
0.000000
0.000000
0.000000
0.000000
0.000000
0.000000
0.000000
0.000000
0.000000
0.000000
0.000000
0.000000
0.067220
nERR-IA@10
0.000000
0.000000
0.000000
0.000000
0.000000
0.000000
0.000000
0.361680
0.000000
0.182575
0.000000
0.097089
0.000000
0.103062
0.000000
0.241702
0.721433
0.000000
0.120239
0.000000
0.946881
0.000000
0.000000
0.000000
0.000000
0.092280
0.000000
0.000000
0.000000
0.000000
0.000000
0.721433
0.000000
0.000000
0.000000
0.000000
0.000000
0.000000
0.721433
0.721433
0.000000
0.000000
0.000000
0.000000
0.000000
0.000000
0.000000
0.240478
0.000000
0.000000
0.000000
0.000000
0.000000
0.000000
0.000000
0.721433
0.000000
0.000000
0.601194
0.000000
0.000000
0.000000
0.000000
0.000000
0.000000
0.000000
0.000000
0.000000
0.000000
0.000000
0.000000
0.350924
0.484543
0.000000
0.000000
0.000000
0.000000
0.000000
0.000000
0.360717
0.000000
0.000000
0.000000
0.000000
0.000000
0.000000
0.000000
0.000000
0.000000
0.000000
0.000000
0.000000
0.000000
0.000000
0.000000
0.000000
0.000000
0.000000
0.000000
0.000000
0.077905
nERR-IA@10
0.000000
0.000000
0.000000
0.000000
0.000000
0.000000
0.000000
0.361680
0.000000
0.182575
0.000000
0.097089
0.000000
0.103062
0.000000
0.241702
0.721433
0.000000
0.000000
0.000000
0.946881
0.000000
0.000000
0.000000
0.000000
0.092280
0.000000
0.000000
0.000000
0.000000
0.000000
0.721433
0.000000
0.000000
0.000000
0.000000
0.000000
0.000000
0.721433
0.120239
0.000000
0.000000
0.000000
0.000000
0.000000
0.000000
0.000000
0.144287
0.000000
0.000000
0.000000
0.000000
0.000000
0.000000
0.000000
0.721433
0.000000
0.000000
0.601194
0.000000
0.000000
0.000000
0.000000
0.000000
0.000000
0.000000
0.000000
0.000000
0.000000
0.000000
0.000000
0.350924
0.484543
0.000000
0.000000
0.000000
0.000000
0.000000
0.000000
0.360717
0.000000
0.000000
0.000000
0.000000
0.000000
0.000000
0.000000
0.000000
0.000000
0.000000
0.000000
0.000000
0.000000
0.000000
0.000000
0.000000
0.000000
0.000000
0.000000
0.000000
0.069729
nERR-IA@10
0.000000
0.000000
0.000000
0.000000
0.000000
0.000000
0.000000
0.361680
0.000000
0.000000
0.000000
0.097089
0.000000
0.103062
0.000000
0.241702
0.721433
0.000000
0.000000
0.000000
0.946881
0.000000
0.000000
0.000000
0.000000
0.092280
0.000000
0.000000
0.000000
0.000000
0.000000
0.721433
0.000000
0.000000
0.000000
0.000000
0.000000
0.000000
0.721433
0.120239
0.000000
0.000000
0.000000
0.000000
0.000000
0.000000
0.000000
0.240478
0.000000
0.000000
0.000000
0.000000
0.000000
0.000000
0.000000
0.721433
0.000000
0.000000
0.601194
0.000000
0.000000
0.000000
0.000000
0.000000
0.000000
0.000000
0.000000
0.000000
0.000000
0.000000
0.000000
0.350924
0.000000
0.000000
0.000000
0.000000
0.000000
0.000000
0.000000
0.360717
0.000000
0.000000
0.000000
0.000000
0.000000
0.000000
0.000000
0.000000
0.000000
0.000000
0.000000
0.000000
0.000000
0.000000
0.000000
0.000000
0.000000
0.000000
0.000000
0.000000
0.064020
nERR-IA@10
0.000000
0.000000
0.000000
0.000000
0.000000
0.000000
0.000000
0.361680
0.000000
0.182575
0.000000
0.050219
0.000000
0.000000
0.000000
0.241702
0.721433
0.000000
0.000000
0.000000
0.886762
0.000000
0.000000
0.000000
0.000000
0.092280
0.000000
0.000000
0.000000
0.000000
0.000000
0.721433
0.000000
0.000000
0.000000
0.000000
0.000000
0.000000
0.721433
0.360717
0.000000
0.000000
0.000000
0.000000
0.000000
0.000000
0.000000
0.721433
0.000000
0.000000
0.000000
0.000000
0.000000
0.000000
0.000000
0.721433
0.000000
0.000000
0.601194
0.000000
0.000000
0.000000
0.000000
0.000000
0.000000
0.000000
0.000000
0.000000
0.000000
0.000000
0.000000
0.350924
0.000000
0.000000
0.000000
0.000000
0.000000
0.000000
0.000000
0.360717
0.000000
0.000000
0.000000
0.000000
0.000000
0.000000
0.000000
0.000000
0.000000
0.000000
0.000000
0.000000
0.000000
0.000000
0.000000
0.000000
0.000000
0.000000
0.000000
0.000000
0.070959
