nERR-IA@10
0.000000
0.000000
0.000000
0.000000
0.000000
0.000000
0.000000
0.361680
0.000000
0.182575
0.000000
0.081306
0.000000
0.080159
0.000000
0.241702
0.721433
0.000000
0.000000
0.000000
0.412248
0.000000
0.000000
0.000000
0.000000
0.092280
0.000000
0.000000
0.000000
0.000000
0.000000
0.721433
0.000000
0.000000
0.000000
0.000000
0.000000
0.000000
0.721433
0.180358
0.000000
0.000000
0.000000
0.000000
0.000000
0.000000
0.000000
0.000000
0.000000
0.000000
0.075932
nERR-IA@10
0.000000
0.000000
0.000000
0.000000
0.000000
0.000000
0.000000
0.361680
0.000000
0.182575
0.000000
0.097089
0.000000
0.103062
0.000000
0.241702
0.721433
0.000000
0.000000
0.000000
0.946881
0.000000
0.000000
0.000000
0.000000
0.092280
0.000000
0.000000
0.000000
0.000000
0.000000
0.721433
0.000000
0.000000
0.000000
0.000000
0.000000
0.000000
0.721433
0.721433
0.000000
0.000000
0.000000
0.000000
0.000000
0.000000
0.000000
0.240478
0.000000
0.000000
0.103030
nERR-IA@10
0.000000
0.000000
0.000000
0.000000
0.000000
0.000000
0.000000
0.361680
0.000000
0.182575
0.000000
0.097089
0.000000
0.000000
0.000000
0.241702
0.721433
0.000000
0.000000
0.000000
0.946881
0.000000
0.000000
0.000000
0.000000
0.092280
0.000000
0.000000
0.000000
0.000000
0.000000
0.721433
0.000000
0.000000
0.000000
0.000000
0.000000
0.000000
0.721433
0.360717
0.000000
0.000000
0.000000
0.000000
0.000000
0.000000
0.000000
0.240478
0.000000
0.000000
0.093754
nERR-IA@10
0.000000
0.000000
0.000000
0.000000
0.000000
0.000000
0.000000
0.361680
0.000000
0.182575
0.000000
0.097089
0.000000
0.103062
0.000000
0.241702
0.721433
0.000000
0.120239
0.000000
0.946881
0.000000
0.000000
0.000000
0.000000
0.092280
0.000000
0.000000
0.000000
0.000000
0.000000
0.721433
0.000000
0.000000
0.000000
0.000000
0.000000
0.000000
0.721433
0.721433
0.000000
0.000000
0.000000
0.000000
0.000000
0.000000
0.000000
0.240478
0.000000
0.000000
0.105434
nERR-IA@10
0.000000
0.000000
0.000000
0.000000
0.000000
0.000000
0.000000
0.361680
0.000000
0.182575
0.000000
0.097089
0.000000
0.103062
0.000000
0.241702
0.721433
0.000000
0.000000
0.000000
0.946881
0.000000
0.000000
0.000000
0.000000
0.092280
0.000000
0.000000
0.000000
0.000000
0.000000
0.721433
0.000000
0.000000
0.000000
0.000000
0.000000
0.000000
0.721433
0.120239
0.000000
0.000000
0.000000
0.000000
0.000000
0.000000
0.000000
0.144287
0.000000
0.000000
0.089082
nERR-IA@10
0.000000
0.000000
0.000000
0.000000
0.000000
0.000000
0.000000
0.361680
0.000000
0.000000
0.000000
0.097089
0.000000
0.103062
0.000000
0.241702
0.721433
0.000000
0.000000
0.000000
0.946881
0.000000
0.000000
0.000000
0.000000
0.092280
0.000000
0.000000
0.000000
0.000000
0.000000
0.721433
0.000000
0.000000
0.000000
0.000000
0.000000
0.000000
0.721433
0.120239
0.000000
0.000000
0.000000
0.000000
0.000000
0.000000
0.000000
0.240478
0.000000
0.000000
0.087354
nERR-IA@10
0.000000
0.000000
0.000000
0.000000
0.000000
0.000000
0.000000
0.361680
0.000000
0.182575
0.000000
0.050219
0.000000
0.000000
0.000000
0.241702
0.721433
0.000000
0.000000
0.000000
0.886762
0.000000
0.000000
0.000000
0.000000
0.092280
0.000000
0.000000
0.000000
0.000000
0.000000
0.721433
0.000000
0.000000
0.000000
0.000000
0.000000
0.000000
0.721433
0.360717
0.000000
0.000000
0.000000
0.000000
0.000000
0.000000
0.000000
0.721433
0.000000
0.000000
0.101233
