nERR-IA@10
0.342824
0.063332
0.547516
0.367731
0.000000
0.239864
0.174464
0.491282
0.180528
0.120992
0.539321
0.000000
0.430683
0.986209
0.094335
0.476854
0.916660
0.421641
0.000000
0.000000
0.976780
0.578586
0.510944
0.766523
0.555825
0.333599
0.938829
0.536065
0.505486
0.498991
0.200828
0.995191
0.000000
0.491190
0.056269
0.994842
0.655133
0.000000
0.266243
0.090179
0.958887
0.097065
0.654098
0.164832
0.214624
0.000000
0.000000
0.000000
0.226064
0.000000
0.373226
nERR-IA@10
0.287714
0.063332
0.721433
0.359715
0.090179
0.319001
0.176541
0.491282
0.193422
0.124035
0.539321
0.000000
0.430683
0.972423
0.149556
0.477214
0.540198
0.421641
0.000000
0.000000
0.996444
0.578586
0.552777
0.901792
0.555825
0.207277
0.952893
0.230172
0.505486
0.480955
0.912312
0.995191
0.000000
0.492944
0.070337
0.990333
0.644305
0.080159
0.230172
0.000000
0.994529
0.097065
0.654098
0.164832
0.214624
0.000000
0.000000
0.000000
0.226064
0.000000
0.381737
nERR-IA@10
0.342824
0.063332
0.541075
0.329082
0.072143
0.891807
0.125033
0.491282
0.193422
0.099547
0.389023
0.000000
0.428479
0.911060
0.154733
0.510373
0.541003
0.421641
0.000000
0.000000
0.991935
0.581241
0.552777
0.772964
0.518770
0.334162
0.952893
0.506721
0.857453
0.480955
0.554101
0.996041
0.000000
0.492443
0.140673
0.990333
0.644305
0.080159
0.359715
0.270537
0.990897
0.097065
0.614284
0.164832
0.214624
0.000000
0.000000
0.000000
0.225365
0.000000
0.397822
nERR-IA@10
0.336919
0.063332
0.547516
0.367731
0.126251
0.239864
0.125356
0.491282
0.193422
0.131135
0.539321
0.000000
0.426887
0.960014
0.070669
0.477214
0.902042
0.421641
0.000000
0.000000
0.996041
0.578986
0.552777
0.901792
0.555825
0.336437
0.952893
0.506721
0.505486
0.941871
0.912312
0.995191
0.035985
0.492944
0.070337
0.990333
0.644305
0.080159
0.342681
0.000000
0.994529
0.097065
0.614284
0.164832
0.214624
0.000000
0.000000
0.000000
0.225365
0.000000
0.402487
nERR-IA@10
0.192382
0.055415
0.541075
0.000000
0.000000
0.381401
0.126279
0.491282
0.193422
0.118819
0.539321
0.000000
0.430734
0.972987
0.072107
0.499575
0.976502
0.420210
0.000000
0.000000
0.996444
0.561851
0.510944
0.901792
0.296440
0.334162
0.952893
0.000000
0.385247
0.941871
0.551596
0.995191
0.000000
0.810610
0.070337
0.993724
0.643302
0.000000
0.230172
0.072143
0.993152
0.097065
0.627934
0.164832
0.214624
0.000000
0.000000
0.000000
0.116620
0.000000
0.369489
nERR-IA@10
0.287714
0.049258
0.548590
0.341679
0.072143
0.297162
0.174464
0.491282
0.174080
0.000000
0.480955
0.000000
0.430683
0.972423
0.149556
0.477214
0.976502
0.421641
0.000000
0.000000
0.996041
0.578586
0.552777
0.000000
0.555825
0.207277
0.878710
0.230172
0.505486
0.480955
0.912312
0.995191
0.000000
0.804097
0.070337
0.990333
0.642500
0.080159
0.278267
0.000000
0.994529
0.097065
0.627934
0.164832
0.214624
0.000000
0.000000
0.000000
0.118912
0.000000
0.366445
nERR-IA@10
0.342824
0.063332
0.952392
0.329082
0.090179
0.816840
0.126279
0.491282
0.249300
0.091433
0.539321
0.052729
0.426855
0.962161
0.149556
0.510373
0.387395
0.328778
0.000000
0.291066
0.978193
0.581241
0.551148
0.772964
0.555825
0.334162
0.952893
0.000000
0.857453
0.498991
0.554816
0.990092
0.000000
0.832654
0.062522
0.991935
0.684096
0.072143
0.359715
0.275046
0.958887
0.097065
0.567264
0.164832
0.217009
0.000000
0.000000
0.000000
0.226064
0.000000
0.406764
