nERR-IA@10
0.120239
0.000000
0.721433
0.000000
0.000000
0.000000
0.000000
0.361680
0.000000
0.202861
0.000000
0.000000
0.150301
0.000000
0.000000
0.523687
0.721433
0.000000
0.000000
0.000000
0.841672
0.000000
0.360717
0.000000
0.000000
0.123040
0.120239
0.721433
0.000000
0.000000
0.000000
0.901792
0.000000
0.000000
0.000000
0.080159
0.000000
0.000000
0.811612
0.180358
0.000000
0.000000
0.000000
0.000000
0.000000
0.000000
0.000000
0.000000
0.000000
0.000000
0.138853
nERR-IA@10
0.120239
0.000000
0.000000
0.000000
0.000000
0.000000
0.000000
0.361680
0.000000
0.202861
0.000000
0.000000
0.150301
0.000000
0.000000
0.523687
0.721433
0.000000
0.000000
0.000000
0.961911
0.000000
0.360717
0.000000
0.000000
0.123040
0.144287
0.721433
0.000000
0.000000
0.000000
0.901792
0.000000
0.000000
0.000000
0.000000
0.000000
0.000000
0.811612
0.721433
0.000000
0.000000
0.000000
0.000000
0.000000
0.000000
0.000000
0.180358
0.000000
0.000000
0.140136
nERR-IA@10
0.120239
0.000000
0.721433
0.000000
0.000000
0.000000
0.000000
0.361680
0.000000
0.202861
0.000000
0.040175
0.150301
0.000000
0.000000
0.241702
0.721433
0.000000
0.000000
0.000000
0.976941
0.000000
0.360717
0.000000
0.000000
0.123040
0.240478
0.721433
0.000000
0.000000
0.000000
0.901792
0.000000
0.000000
0.000000
0.090179
0.000000
0.000000
0.781553
0.360717
0.000000
0.000000
0.000000
0.000000
0.000000
0.000000
0.000000
0.180358
0.000000
0.000000
0.145941
nERR-IA@10
0.120239
0.000000
0.721433
0.000000
0.000000
0.000000
0.000000
0.361680
0.000000
0.202861
0.000000
0.000000
0.150301
0.000000
0.000000
0.523687
0.721433
0.000000
0.080159
0.000000
0.961911
0.000000
0.360717
0.000000
0.000000
0.123040
0.120239
0.721433
0.000000
0.000000
0.000000
0.901792
0.000000
0.000000
0.000000
0.000000
0.000000
0.000000
0.721433
0.721433
0.000000
0.000000
0.000000
0.000000
0.000000
0.000000
0.000000
0.180358
0.000000
0.000000
0.153883
nERR-IA@10
0.120239
0.000000
0.721433
0.000000
0.000000
0.000000
0.000000
0.361680
0.000000
0.202861
0.000000
0.000000
0.150301
0.000000
0.000000
0.281985
0.721433
0.000000
0.000000
0.000000
0.961911
0.000000
0.360717
0.000000
0.000000
0.123040
0.240478
0.360717
0.000000
0.000000
0.000000
0.901792
0.000000
0.000000
0.000000
0.000000
0.000000
0.000000
0.811612
0.120239
0.000000
0.000000
0.000000
0.000000
0.000000
0.000000
0.000000
0.080159
0.000000
0.000000
0.130412
nERR-IA@10
0.120239
0.000000
0.721433
0.000000
0.000000
0.000000
0.000000
0.361680
0.000000
0.000000
0.000000
0.000000
0.150301
0.072143
0.000000
0.523687
0.721433
0.000000
0.000000
0.000000
0.961911
0.000000
0.360717
0.000000
0.000000
0.123040
0.144287
0.721433
0.000000
0.000000
0.000000
0.901792
0.000000
0.000000
0.000000
0.000000
0.000000
0.000000
0.811612
0.103062
0.000000
0.000000
0.000000
0.000000
0.000000
0.000000
0.000000
0.180358
0.000000
0.000000
0.139583
nERR-IA@10
0.120239
0.000000
0.721433
0.000000
0.000000
0.000000
0.000000
0.361680
0.000000
0.202861
0.000000
0.022319
0.150301
0.000000
0.000000
0.241702
0.721433
0.000000
0.000000
0.000000
0.964917
0.000000
0.360717
0.000000
0.000000
0.123040
0.240478
0.721433
0.000000
0.000000
0.000000
0.901792
0.000000
0.000000
0.000000
0.000000
0.000000
0.000000
0.781553
0.360717
0.000000
0.000000
0.000000
0.000000
0.000000
0.000000
0.000000
0.721433
0.000000
0.000000
0.154361
