nERR-IA@10
0.120239
0.000000
0.793577
0.000000
0.000000
0.000000
0.000000
0.361680
0.000000
0.330664
0.961911
0.000000
0.439631
0.480955
0.000000
0.610968
0.901792
0.000000
0.000000
0.000000
0.506721
0.695926
0.360717
0.000000
0.044466
0.413941
0.280557
0.721433
0.204406
0.000000
0.000000
0.901792
0.000000
0.240478
0.000000
0.000000
0.000000
0.000000
0.811612
0.144287
0.000000
0.421005
0.060670
0.723654
0.000000
0.000000
0.000000
0.000000
0.164964
0.000000
0.233961
nERR-IA@10
0.120239
0.000000
0.120239
0.000000
0.000000
0.000000
0.000000
0.361680
0.000000
0.330664
0.961911
0.000000
0.439631
0.480955
0.000000
0.610968
0.901792
0.000000
0.000000
0.000000
0.541075
0.695926
0.360717
0.000000
0.055583
0.413941
0.285567
0.721433
0.204406
0.000000
0.103062
0.901792
0.000000
0.240478
0.000000
0.000000
0.000000
0.000000
0.811612
0.721433
0.000000
0.421005
0.060670
0.723654
0.000000
0.000000
0.000000
0.103062
0.164964
0.000000
0.237169
nERR-IA@10
0.120239
0.000000
0.772964
0.000000
0.000000
0.000000
0.000000
0.361680
0.000000
0.330664
0.961911
0.000000
0.439631
0.480955
0.000000
0.367588
0.901792
0.000000
0.000000
0.000000
0.544081
0.695926
0.360717
0.000000
0.055583
0.413941
0.312621
0.721433
0.180358
0.000000
0.120239
0.901792
0.000000
0.276549
0.000000
0.000000
0.000000
0.000000
0.761513
0.144287
0.000000
0.421005
0.060670
0.723654
0.000000
0.000000
0.000000
0.103062
0.164964
0.000000
0.233996
nERR-IA@10
0.120239
0.000000
0.793577
0.000000
0.000000
0.000000
0.000000
0.361680
0.000000
0.330664
0.961911
0.000000
0.439631
0.480955
0.000000
0.610968
0.901792
0.000000
0.000000
0.000000
0.541075
0.695926
0.360717
0.000000
0.055583
0.413941
0.280557
0.721433
0.204406
0.000000
0.120239
0.901792
0.000000
0.240478
0.000000
0.000000
0.000000
0.000000
0.721433
0.721433
0.000000
0.421005
0.060670
0.723654
0.000000
0.000000
0.000000
0.103062
0.164964
0.000000
0.249076
nERR-IA@10
0.100199
0.000000
0.781553
0.000000
0.000000
0.000000
0.000000
0.361680
0.000000
0.330664
0.961911
0.000000
0.439631
0.480955
0.000000
0.412907
0.901792
0.000000
0.000000
0.000000
0.541075
0.695926
0.360717
0.000000
0.055583
0.413941
0.312621
0.240478
0.420836
0.000000
0.103062
0.901792
0.000000
0.240478
0.000000
0.000000
0.000000
0.000000
0.811612
0.090179
0.000000
0.421005
0.060670
0.723654
0.000000
0.000000
0.000000
0.000000
0.164964
0.000000
0.226598
nERR-IA@10
0.120239
0.000000
0.781553
0.000000
0.000000
0.000000
0.000000
0.361680
0.000000
0.000000
0.804097
0.000000
0.439631
0.480955
0.000000
0.610968
0.901792
0.000000
0.000000
0.000000
0.541075
0.695926
0.360717
0.000000
0.055583
0.413941
0.285567
0.721433
0.204406
0.000000
0.103062
0.901792
0.000000
0.000000
0.000000
0.000000
0.000000
0.000000
0.811612
0.090179
0.000000
0.421005
0.060670
0.723654
0.000000
0.000000
0.000000
0.103062
0.164964
0.000000
0.223191
nERR-IA@10
0.120239
0.000000
0.721433
0.000000
0.000000
0.000000
0.000000
0.361680
0.000000
0.330664
0.961911
0.000000
0.439631
0.480955
0.000000
0.367588
0.901792
0.000000
0.000000
0.000000
0.535063
0.695926
0.240478
0.000000
0.044466
0.413941
0.312621
0.721433
0.180358
0.000000
0.080159
0.901792
0.000000
0.280557
0.000000
0.000000
0.000000
0.000000
0.761513
0.144287
0.000000
0.421005
0.060670
0.723654
0.000000
0.000000
0.000000
0.360717
0.164964
0.000000
0.234590
