nERR-IA@10
0.112605
0.000000
0.781553
0.961911
0.000000
0.371023
0.116310
0.391820
0.232107
0.336750
0.990897
0.020087
0.405592
0.526045
0.103539
0.622004
0.937863
0.103062
0.000000
0.000000
0.856702
0.669622
0.472940
0.000000
0.000000
0.184560
0.793577
0.841672
0.432287
0.721433
0.480955
0.901792
0.000000
0.240478
0.000000
0.000000
0.000000
0.000000
0.470936
0.240478
0.072143
0.421005
0.195011
0.723654
0.000000
0.000000
0.000000
0.000000
0.185584
0.000000
0.318360
nERR-IA@10
0.112605
0.000000
0.000000
0.961911
0.000000
0.371023
0.116310
0.391820
0.464214
0.336750
0.990897
0.025109
0.397325
0.517027
0.103539
0.622004
0.503500
0.103062
0.000000
0.000000
0.958529
0.669622
0.498991
0.000000
0.000000
0.184560
0.793577
0.480955
0.432287
0.721433
0.480955
0.901792
0.000000
0.240478
0.000000
0.000000
0.000000
0.000000
0.470936
0.240478
0.000000
0.421005
0.195011
0.723654
0.000000
0.000000
0.000000
0.072143
0.185584
0.000000
0.293782
nERR-IA@10
0.112605
0.000000
0.757505
0.961911
0.000000
0.373599
0.116310
0.391820
0.464214
0.341821
0.990897
0.025109
0.397325
0.506721
0.103539
0.411999
0.511015
0.103062
0.000000
0.000000
0.900664
0.669622
0.498991
0.000000
0.000000
0.193788
0.837378
0.480955
0.420836
0.721433
0.500995
0.901792
0.000000
0.300597
0.000000
0.000000
0.000000
0.000000
0.480955
0.215857
0.000000
0.421005
0.195011
0.723654
0.000000
0.000000
0.000000
0.072143
0.185584
0.000000
0.305814
nERR-IA@10
0.112605
0.000000
0.781553
0.961911
0.000000
0.371023
0.116310
0.391820
0.464214
0.336750
0.990897
0.025109
0.397325
0.526045
0.103539
0.622004
0.526045
0.103062
0.144287
0.000000
0.547516
0.669622
0.498991
0.000000
0.000000
0.193788
0.793577
0.480955
0.432287
0.721433
0.480955
0.901792
0.000000
0.312621
0.000000
0.000000
0.000000
0.000000
0.480955
0.240478
0.000000
0.421005
0.195011
0.723654
0.000000
0.000000
0.000000
0.072143
0.185584
0.000000
0.306537
nERR-IA@10
0.066799
0.000000
0.772964
0.000000
0.000000
0.373599
0.077540
0.391820
0.464214
0.341821
0.990897
0.025109
0.397325
0.517027
0.103539
0.429101
0.517027
0.103062
0.000000
0.000000
0.908233
0.607244
0.472940
0.000000
0.000000
0.193788
0.837378
0.120239
0.500995
0.721433
0.480955
0.901792
0.000000
0.300597
0.000000
0.000000
0.000000
0.000000
0.470936
0.220438
0.000000
0.421005
0.195011
0.723654
0.000000
0.000000
0.000000
0.000000
0.098978
0.000000
0.274949
nERR-IA@10
0.112605
0.000000
0.772964
0.961911
0.000000
0.371023
0.116310
0.391820
0.232107
0.000000
0.987462
0.025109
0.397325
0.526045
0.103539
0.622004
0.871732
0.103062
0.000000
0.000000
0.908233
0.669622
0.498991
0.000000
0.000000
0.193788
0.811612
0.480955
0.432287
0.721433
0.480955
0.901792
0.000000
0.120239
0.000000
0.000000
0.000000
0.000000
0.470936
0.144287
0.000000
0.421005
0.195011
0.723654
0.000000
0.000000
0.000000
0.072143
0.098978
0.000000
0.298819
nERR-IA@10
0.112605
0.000000
0.721433
0.961911
0.000000
0.373599
0.077540
0.391820
0.464214
0.341821
0.990897
0.000000
0.397325
0.511015
0.103539
0.415236
0.480955
0.144287
0.000000
0.000000
0.853159
0.669622
0.470936
0.000000
0.000000
0.193788
0.834157
0.240478
0.420836
0.721433
0.480955
0.901792
0.000000
0.252502
0.000000
0.120239
0.000000
0.000000
0.480955
0.303603
0.072143
0.421005
0.084505
0.723654
0.000000
0.000000
0.000000
0.360717
0.206205
0.000000
0.306018
