alpha-DCG@10
0.000000
0.000000
0.000000
0.000000
0.000000
0.000000
0.000000
0.324882
0.000000
0.176620
0.000000
0.123690
0.000000
0.216588
0.000000
0.216588
0.649763
0.000000
0.000000
0.000000
0.572396
0.000000
0.000000
0.000000
0.000000
0.108294
0.000000
0.000000
0.000000
0.000000
0.000000
0.649763
0.000000
0.000000
0.000000
0.000000
0.000000
0.000000
0.649763
0.216588
0.000000
0.000000
0.000000
0.000000
0.000000
0.000000
0.000000
0.000000
0.000000
0.000000
0.000000
0.000000
0.000000
0.000000
0.000000
0.649763
0.000000
0.000000
0.541469
0.000000
0.000000
0.000000
0.000000
0.000000
0.000000
0.000000
0.000000
0.000000
0.000000
0.000000
0.000000
0.092823
0.000000
0.000000
0.000000
0.000000
0.000000
0.000000
0.000000
0.279838
0.000000
0.000000
0.000000
0.000000
0.000000
0.000000
0.000000
0.000000
0.000000
0.000000
0.000000
0.000000
0.000000
0.000000
0.000000
0.000000
0.000000
0.000000
0.000000
0.000000
0.054688
alpha-DCG@10
0.000000
0.000000
0.000000
0.000000
0.000000
0.000000
0.000000
0.324882
0.000000
0.176620
0.000000
0.153098
0.000000
0.279838
0.000000
0.216588
0.649763
0.000000
0.000000
0.000000
0.924700
0.000000
0.000000
0.000000
0.000000
0.108294
0.000000
0.000000
0.000000
0.000000
0.000000
0.649763
0.000000
0.000000
0.000000
0.000000
0.000000
0.000000
0.649763
0.409955
0.000000
0.000000
0.000000
0.000000
0.000000
0.000000
0.000000
0.324882
0.000000
0.000000
0.000000
0.000000
0.000000
0.000000
0.000000
0.649763
0.000000
0.000000
0.541469
0.000000
0.000000
0.000000
0.000000
0.000000
0.000000
0.000000
0.000000
0.000000
0.000000
0.000000
0.000000
0.092823
0.000000
0.000000
0.000000
0.000000
0.000000
0.000000
0.000000
0.279838
0.000000
0.000000
0.000000
0.000000
0.000000
0.000000
0.000000
0.000000
0.000000
0.000000
0.000000
0.000000
0.000000
0.000000
0.000000
0.000000
0.000000
0.000000
0.000000
0.000000
0.064320
alpha-DCG@10
0.000000
0.000000
0.000000
0.000000
0.000000
0.000000
0.000000
0.324882
0.000000
0.176620
0.000000
0.153098
0.000000
0.000000
0.000000
0.216588
0.649763
0.000000
0.000000
0.000000
0.924700
0.000000
0.000000
0.000000
0.000000
0.108294
0.000000
0.000000
0.000000
0.000000
0.000000
0.649763
0.000000
0.000000
0.000000
0.000000
0.000000
0.000000
0.649763
0.279838
0.000000
0.000000
0.000000
0.000000
0.000000
0.000000
0.000000
0.324882
0.000000
0.000000
0.000000
0.000000
0.000000
0.000000
0.000000
0.649763
0.000000
0.000000
0.541469
0.000000
0.000000
0.000000
0.000000
0.000000
0.000000
0.000000
0.000000
0.000000
0.000000
0.000000
0.000000
0.092823
0.000000
0.000000
0.000000
0.000000
0.000000
0.000000
0.000000
0.279838
0.000000
0.000000
0.000000
0.000000
0.000000
0.000000
0.000000
0.000000
0.000000
0.000000
0.000000
0.000000
0.000000
0.000000
0.000000
0.000000
0.000000
0.000000
0.000000
0.000000
0.060221
alpha-DCG@10
0.000000
0.000000
0.000000
0.000000
0.000000
0.000000
0.000000
0.324882
0.000000
0.176620
0.000000
0.153098
0.000000
0.279838
0.000000
0.216588
0.649763
0.000000
0.231450
0.000000
0.924700
0.000000
0.000000
0.000000
0.000000
0.108294
0.000000
0.000000
0.000000
0.000000
0.000000
0.649763
0.000000
0.000000
0.000000
0.000000
0.000000
0.000000
0.649763
0.409955
0.000000
0.000000
0.000000
0.000000
0.000000
0.000000
0.000000
0.324882
0.000000
0.000000
0.000000
0.000000
0.000000
0.000000
0.000000
0.649763
0.000000
0.000000
0.541469
0.000000
0.000000
0.000000
0.000000
0.000000
0.000000
0.000000
0.000000
0.000000
0.000000
0.000000
0.000000
0.092823
0.433175
0.000000
0.000000
0.000000
0.000000
0.000000
0.000000
0.279838
0.000000
0.000000
0.000000
0.000000
0.000000
0.000000
0.000000
0.000000
0.000000
0.000000
0.000000
0.000000
0.000000
0.000000
0.000000
0.000000
0.000000
0.000000
0.000000
0.000000
0.070967
alpha-DCG@10
0.000000
0.000000
0.000000
0.000000
0.000000
0.000000
0.000000
0.324882
0.000000
0.176620
0.000000
0.153098
0.000000
0.279838
0.000000
0.216588
0.649763
0.000000
0.000000
0.000000
0.924700
0.000000
0.000000
0.000000
0.000000
0.108294
0.000000
0.000000
0.000000
0.000000
0.000000
0.649763
0.000000
0.000000
0.000000
0.000000
0.000000
0.000000
0.649763
0.195598
0.000000
0.000000
0.000000
0.000000
0.000000
0.000000
0.000000
0.324882
0.000000
0.000000
0.000000
0.000000
0.000000
0.000000
0.000000
0.649763
0.000000
0.000000
0.541469
0.000000
0.000000
0.000000
0.000000
0.000000
0.000000
0.000000
0.000000
0.000000
0.000000
0.000000
0.000000
0.092823
0.433175
0.000000
0.000000
0.000000
0.000000
0.000000
0.000000
0.279838
0.000000
0.000000
0.000000
0.000000
0.000000
0.000000
0.000000
0.000000
0.000000
0.000000
0.000000
0.000000
0.000000
0.000000
0.000000
0.000000
0.000000
0.000000
0.000000
0.000000
0.066509
alpha-DCG@10
0.000000
0.000000
0.000000
0.000000
0.000000
0.000000
0.000000
0.324882
0.000000
0.000000
0.000000
0.153098
0.000000
0.279838
0.000000
0.216588
0.649763
0.000000
0.000000
0.000000
0.924700
0.000000
0.000000
0.000000
0.000000
0.108294
0.000000
0.000000
0.000000
0.000000
0.000000
0.649763
0.000000
0.000000
0.000000
0.000000
0.000000
0.000000
0.649763
0.216588
0.000000
0.000000
0.000000
0.000000
0.000000
0.000000
0.000000
0.324882
0.000000
0.000000
0.000000
0.000000
0.000000
0.000000
0.000000
0.649763
0.000000
0.000000
0.541469
0.000000
0.000000
0.000000
0.000000
0.000000
0.000000
0.000000
0.000000
0.000000
0.000000
0.000000
0.000000
0.071818
0.000000
0.000000
0.000000
0.000000
0.000000
0.000000
0.000000
0.279838
0.000000
0.000000
0.000000
0.000000
0.000000
0.000000
0.000000
0.000000
0.000000
0.000000
0.000000
0.000000
0.000000
0.000000
0.000000
0.000000
0.000000
0.000000
0.000000
0.000000
0.060410
alpha-DCG@10
0.000000
0.000000
0.000000
0.000000
0.000000
0.000000
0.000000
0.324882
0.000000
0.176620
0.000000
0.119708
0.000000
0.000000
0.000000
0.216588
0.649763
0.000000
0.000000
0.000000
0.882163
0.000000
0.000000
0.000000
0.000000
0.108294
0.000000
0.000000
0.000000
0.000000
0.000000
0.649763
0.000000
0.000000
0.000000
0.000000
0.000000
0.000000
0.649763
0.324882
0.000000
0.000000
0.000000
0.000000
0.000000
0.000000
0.000000
0.649763
0.000000
0.000000
0.000000
0.000000
0.000000
0.000000
0.000000
0.649763
0.000000
0.000000
0.541469
0.000000
0.000000
0.000000
0.000000
0.000000
0.000000
0.000000
0.000000
0.000000
0.000000
0.000000
0.000000
0.079954
0.000000
0.000000
0.000000
0.000000
0.000000
0.000000
0.000000
0.324882
0.000000
0.000000
0.000000
0.000000
0.000000
0.000000
0.000000
0.000000
0.000000
0.000000
0.000000
0.000000
0.000000
0.000000
0.000000
0.000000
0.000000
0.000000
0.000000
0.000000
0.063483
