alpha-DCG@10
0.290968
0.000000
0.649763
0.000000
0.000000
0.000000
0.000000
0.324882
0.000000
0.376607
0.963034
0.075129
0.447311
0.572396
0.000000
0.517529
0.854740
0.000000
0.000000
0.000000
0.819635
0.711035
0.409955
0.000000
0.122363
0.290386
0.433175
0.649763
0.359656
0.000000
0.000000
0.854740
0.000000
0.388132
0.000000
0.000000
0.000000
0.000000
0.775444
0.000000
0.000000
0.324882
0.062841
0.649763
0.037565
0.000000
0.039120
0.000000
0.293935
0.000000
0.000000
0.000000
0.000000
0.000000
0.000000
0.324882
0.000000
0.000000
0.712284
0.000000
0.000000
0.000000
0.000000
0.000000
0.000000
0.000000
0.000000
0.000000
0.000000
0.519810
0.000000
0.061882
0.000000
0.000000
0.000000
0.450563
0.000000
0.000000
0.000000
0.231450
0.162441
0.000000
0.000000
0.000000
0.000000
0.000000
0.000000
0.000000
0.000000
0.000000
0.079954
0.000000
0.649763
0.000000
0.649763
0.000000
0.000000
0.000000
0.000000
0.000000
0.161375
alpha-DCG@10
0.290968
0.000000
0.000000
0.000000
0.000000
0.000000
0.000000
0.324882
0.000000
0.376607
0.963034
0.078239
0.447311
0.572396
0.000000
0.597465
0.854740
0.000000
0.000000
0.000000
0.673775
0.711035
0.409955
0.000000
0.122363
0.290386
0.440607
0.409955
0.359656
0.000000
0.000000
0.854740
0.000000
0.388132
0.000000
0.000000
0.000000
0.000000
0.775444
0.251363
0.000000
0.324882
0.062841
0.649763
0.037565
0.000000
0.040995
0.279838
0.303223
0.000000
0.000000
0.000000
0.000000
0.000000
0.000000
0.854740
0.000000
0.000000
0.712284
0.000000
0.000000
0.000000
0.000000
0.000000
0.000000
0.000000
0.000000
0.000000
0.000000
0.519810
0.000000
0.066129
0.000000
0.000000
0.000000
0.812204
0.000000
0.000000
0.000000
0.231450
0.162441
0.000000
0.000000
0.000000
0.000000
0.000000
0.000000
0.000000
0.000000
0.000000
0.079954
0.000000
0.649763
0.000000
0.649763
0.000000
0.000000
0.000000
0.000000
0.000000
0.166307
alpha-DCG@10
0.290968
0.000000
0.649763
0.000000
0.000000
0.000000
0.000000
0.324882
0.000000
0.376607
0.963034
0.075129
0.447311
0.572396
0.000000
0.423688
0.854740
0.000000
0.000000
0.000000
0.673775
0.711035
0.409955
0.000000
0.122363
0.290386
0.450563
0.649763
0.231450
0.000000
0.000000
0.854740
0.000000
0.388132
0.000000
0.000000
0.000000
0.000000
0.649763
0.251363
0.000000
0.324882
0.062841
0.649763
0.037565
0.000000
0.046290
0.324882
0.293935
0.000000
0.000000
0.000000
0.000000
0.000000
0.000000
0.854740
0.000000
0.000000
0.712284
0.000000
0.000000
0.000000
0.000000
0.000000
0.000000
0.000000
0.000000
0.000000
0.000000
0.519810
0.000000
0.066129
0.000000
0.000000
0.000000
0.775444
0.000000
0.000000
0.000000
0.231450
0.162441
0.000000
0.000000
0.000000
0.000000
0.000000
0.000000
0.000000
0.000000
0.000000
0.061882
0.000000
0.000000
0.050273
0.649763
0.000000
0.000000
0.251363
0.000000
0.000000
0.167375
alpha-DCG@10
0.290968
0.000000
0.649763
0.000000
0.000000
0.000000
0.000000
0.324882
0.000000
0.376607
0.963034
0.078239
0.447311
0.572396
0.000000
0.517529
0.854740
0.000000
0.000000
0.000000
0.673775
0.711035
0.409955
0.000000
0.122363
0.290386
0.433175
0.649763
0.359656
0.000000
0.000000
0.854740
0.000000
0.388132
0.000000
0.000000
0.000000
0.000000
0.649763
0.251363
0.000000
0.324882
0.062841
0.649763
0.037565
0.000000
0.039120
0.324882
0.293935
0.000000
0.000000
0.000000
0.000000
0.000000
0.000000
0.854740
0.000000
0.000000
0.712284
0.000000
0.000000
0.000000
0.000000
0.000000
0.000000
0.000000
0.000000
0.000000
0.000000
0.519810
0.000000
0.061882
0.479815
0.000000
0.000000
0.854740
0.000000
0.000000
0.000000
0.231450
0.162441
0.000000
0.000000
0.000000
0.000000
0.000000
0.000000
0.000000
0.000000
0.000000
0.079954
0.000000
0.649763
0.000000
0.649763
0.000000
0.000000
0.409955
0.000000
0.000000
0.182692
alpha-DCG@10
0.192875
0.000000
0.649763
0.000000
0.000000
0.000000
0.000000
0.324882
0.000000
0.376607
0.963034
0.075129
0.447311
0.572396
0.000000
0.435552
0.854740
0.000000
0.000000
0.000000
0.673775
0.711035
0.409955
0.000000
0.131854
0.290386
0.450563
0.279838
0.395563
0.000000
0.000000
0.854740
0.000000
0.382326
0.000000
0.000000
0.000000
0.000000
0.775444
0.000000
0.000000
0.324882
0.062841
0.649763
0.037565
0.000000
0.000000
0.324882
0.238469
0.000000
0.000000
0.000000
0.000000
0.000000
0.000000
0.812204
0.000000
0.000000
0.712284
0.000000
0.000000
0.000000
0.000000
0.000000
0.000000
0.000000
0.000000
0.000000
0.000000
0.519810
0.000000
0.061882
0.479815
0.000000
0.000000
0.854740
0.000000
0.000000
0.000000
0.231450
0.162441
0.000000
0.000000
0.000000
0.000000
0.000000
0.000000
0.000000
0.000000
0.000000
0.117130
0.000000
0.649763
0.000000
0.649763
0.000000
0.000000
0.195598
0.000000
0.000000
0.173331
alpha-DCG@10
0.290968
0.000000
0.649763
0.000000
0.000000
0.000000
0.000000
0.324882
0.000000
0.000000
0.847544
0.078239
0.447311
0.572396
0.000000
0.517529
0.854740
0.000000
0.000000
0.000000
0.673775
0.711035
0.409955
0.000000
0.146869
0.290386
0.433175
0.409955
0.359656
0.000000
0.000000
0.854740
0.000000
0.000000
0.000000
0.000000
0.000000
0.000000
0.775444
0.000000
0.000000
0.324882
0.062841
0.649763
0.037565
0.000000
0.039120
0.279838
0.245973
0.000000
0.000000
0.000000
0.000000
0.000000
0.000000
0.854740
0.000000
0.000000
0.712284
0.000000
0.000000
0.000000
0.000000
0.000000
0.000000
0.000000
0.000000
0.000000
0.000000
0.519810
0.000000
0.000000
0.000000
0.000000
0.000000
0.854740
0.000000
0.000000
0.000000
0.231450
0.162441
0.000000
0.000000
0.000000
0.000000
0.000000
0.000000
0.000000
0.000000
0.000000
0.117130
0.000000
0.649763
0.000000
0.649763
0.000000
0.000000
0.000000
0.000000
0.000000
0.160405
alpha-DCG@10
0.290968
0.000000
0.649763
0.000000
0.000000
0.000000
0.000000
0.324882
0.000000
0.376607
0.963034
0.000000
0.447311
0.572396
0.000000
0.423688
0.854740
0.000000
0.000000
0.000000
0.638337
0.711035
0.409955
0.000000
0.122363
0.290386
0.450563
0.324882
0.231450
0.000000
0.000000
0.854740
0.000000
0.388132
0.000000
0.000000
0.000000
0.000000
0.649763
0.251363
0.000000
0.324882
0.069959
0.649763
0.046290
0.000000
0.046290
0.649763
0.129953
0.000000
0.000000
0.000000
0.000000
0.000000
0.000000
0.812204
0.000000
0.000000
0.712284
0.000000
0.000000
0.000000
0.000000
0.000000
0.000000
0.000000
0.000000
0.000000
0.000000
0.519810
0.000000
0.000000
0.000000
0.000000
0.000000
0.812204
0.000000
0.000000
0.000000
0.279838
0.162441
0.000000
0.000000
0.000000
0.000000
0.000000
0.000000
0.000000
0.000000
0.000000
0.079954
0.000000
0.000000
0.081991
0.649763
0.000000
0.000000
0.251363
0.000000
0.000000
0.165051
