alpha-DCG@10
0.209469
0.000000
0.649763
0.000000
0.000000
0.000000
0.000000
0.324882
0.000000
0.203693
0.000000
0.086635
0.203051
0.000000
0.000000
0.487322
0.649763
0.000000
0.000000
0.000000
0.630258
0.000000
0.409955
0.000000
0.000000
0.143420
0.251363
0.649763
0.000000
0.000000
0.000000
0.854740
0.000000
0.000000
0.000000
0.216588
0.000000
0.000000
0.775444
0.195598
0.000000
0.000000
0.000000
0.000000
0.000000
0.000000
0.000000
0.000000
0.223870
0.000000
0.000000
0.000000
0.000000
0.000000
0.000000
0.649763
0.000000
0.000000
0.712284
0.000000
0.000000
0.000000
0.000000
0.000000
0.000000
0.000000
0.000000
0.000000
0.000000
0.000000
0.000000
0.079954
0.000000
0.000000
0.000000
0.549874
0.000000
0.000000
0.000000
0.279838
0.204977
0.000000
0.000000
0.000000
0.000000
0.000000
0.000000
0.000000
0.000000
0.000000
0.000000
0.000000
0.649763
0.039120
0.000000
0.000000
0.000000
0.000000
0.000000
0.000000
0.103311
alpha-DCG@10
0.209469
0.000000
0.000000
0.000000
0.000000
0.000000
0.000000
0.324882
0.000000
0.203693
0.000000
0.092580
0.203051
0.204977
0.000000
0.487322
0.649763
0.000000
0.000000
0.000000
0.963034
0.000000
0.409955
0.000000
0.000000
0.143420
0.279838
0.409955
0.000000
0.000000
0.000000
0.854740
0.000000
0.000000
0.000000
0.187824
0.000000
0.000000
0.775444
0.409955
0.000000
0.000000
0.000000
0.000000
0.000000
0.000000
0.000000
0.324882
0.259905
0.000000
0.000000
0.000000
0.000000
0.000000
0.000000
0.854740
0.000000
0.000000
0.712284
0.000000
0.000000
0.000000
0.000000
0.000000
0.000000
0.000000
0.000000
0.000000
0.000000
0.000000
0.000000
0.079954
0.000000
0.000000
0.000000
0.812204
0.000000
0.000000
0.000000
0.279838
0.204977
0.000000
0.000000
0.000000
0.000000
0.000000
0.000000
0.000000
0.000000
0.000000
0.000000
0.000000
0.649763
0.039120
0.000000
0.000000
0.000000
0.000000
0.000000
0.000000
0.110276
alpha-DCG@10
0.209469
0.000000
0.649763
0.000000
0.000000
0.000000
0.000000
0.324882
0.000000
0.203693
0.000000
0.092580
0.203051
0.000000
0.000000
0.299092
0.649763
0.000000
0.000000
0.000000
0.963034
0.000000
0.409955
0.000000
0.000000
0.143420
0.324882
0.649763
0.000000
0.000000
0.000000
0.854740
0.000000
0.000000
0.000000
0.204977
0.000000
0.000000
0.649763
0.279838
0.000000
0.000000
0.000000
0.000000
0.000000
0.000000
0.000000
0.324882
0.223870
0.000000
0.000000
0.000000
0.000000
0.000000
0.000000
0.854740
0.000000
0.000000
0.712284
0.000000
0.000000
0.000000
0.000000
0.000000
0.000000
0.000000
0.000000
0.000000
0.000000
0.000000
0.000000
0.079954
0.000000
0.000000
0.000000
0.789682
0.000000
0.000000
0.000000
0.279838
0.204977
0.000000
0.000000
0.000000
0.000000
0.000000
0.000000
0.000000
0.000000
0.000000
0.000000
0.000000
0.000000
0.064976
0.000000
0.000000
0.000000
0.000000
0.000000
0.000000
0.106479
alpha-DCG@10
0.209469
0.000000
0.649763
0.000000
0.000000
0.000000
0.000000
0.324882
0.000000
0.203693
0.000000
0.092580
0.203051
0.204977
0.000000
0.487322
0.649763
0.000000
0.000000
0.000000
0.963034
0.000000
0.409955
0.000000
0.000000
0.143420
0.251363
0.649763
0.000000
0.000000
0.000000
0.854740
0.000000
0.000000
0.000000
0.187824
0.000000
0.000000
0.649763
0.409955
0.000000
0.000000
0.000000
0.000000
0.000000
0.000000
0.000000
0.324882
0.223870
0.000000
0.000000
0.000000
0.000000
0.000000
0.000000
0.854740
0.000000
0.000000
0.712284
0.000000
0.000000
0.000000
0.000000
0.000000
0.000000
0.000000
0.000000
0.000000
0.000000
0.000000
0.000000
0.079954
0.433175
0.000000
0.000000
0.854740
0.000000
0.000000
0.000000
0.279838
0.204977
0.000000
0.000000
0.000000
0.000000
0.000000
0.000000
0.000000
0.000000
0.000000
0.000000
0.000000
0.649763
0.040995
0.000000
0.000000
0.000000
0.000000
0.000000
0.000000
0.122045
alpha-DCG@10
0.209469
0.000000
0.649763
0.000000
0.000000
0.000000
0.000000
0.324882
0.000000
0.203693
0.000000
0.092580
0.203051
0.204977
0.000000
0.299092
0.649763
0.000000
0.000000
0.000000
0.963034
0.000000
0.409955
0.000000
0.000000
0.143420
0.324882
0.409955
0.000000
0.000000
0.000000
0.854740
0.000000
0.000000
0.000000
0.000000
0.000000
0.000000
0.775444
0.000000
0.000000
0.000000
0.000000
0.000000
0.000000
0.000000
0.000000
0.324882
0.201090
0.000000
0.000000
0.000000
0.000000
0.000000
0.000000
0.854740
0.000000
0.000000
0.712284
0.000000
0.000000
0.000000
0.000000
0.000000
0.000000
0.000000
0.000000
0.000000
0.000000
0.000000
0.000000
0.079954
0.433175
0.000000
0.000000
0.854740
0.000000
0.000000
0.000000
0.279838
0.204977
0.187824
0.000000
0.000000
0.000000
0.000000
0.000000
0.000000
0.000000
0.000000
0.000000
0.000000
0.649763
0.040995
0.000000
0.000000
0.000000
0.000000
0.000000
0.000000
0.115430
alpha-DCG@10
0.209469
0.000000
0.649763
0.000000
0.000000
0.000000
0.000000
0.324882
0.000000
0.000000
0.000000
0.092580
0.203051
0.204977
0.000000
0.487322
0.649763
0.000000
0.000000
0.000000
0.963034
0.000000
0.409955
0.000000
0.000000
0.143420
0.251363
0.409955
0.000000
0.000000
0.000000
0.854740
0.000000
0.000000
0.000000
0.187824
0.000000
0.000000
0.775444
0.000000
0.000000
0.000000
0.000000
0.000000
0.000000
0.000000
0.000000
0.324882
0.223870
0.000000
0.000000
0.000000
0.000000
0.000000
0.000000
0.854740
0.000000
0.000000
0.712284
0.000000
0.000000
0.000000
0.000000
0.000000
0.000000
0.000000
0.000000
0.000000
0.000000
0.000000
0.000000
0.058565
0.000000
0.000000
0.000000
0.854740
0.000000
0.000000
0.000000
0.324882
0.204977
0.000000
0.000000
0.000000
0.000000
0.000000
0.000000
0.000000
0.000000
0.000000
0.000000
0.000000
0.649763
0.039120
0.000000
0.000000
0.000000
0.000000
0.000000
0.000000
0.110654
alpha-DCG@10
0.209469
0.000000
0.649763
0.000000
0.000000
0.000000
0.000000
0.324882
0.000000
0.203693
0.000000
0.039120
0.203051
0.000000
0.000000
0.299092
0.649763
0.000000
0.000000
0.000000
0.956120
0.000000
0.409955
0.000000
0.000000
0.143420
0.324882
0.409955
0.000000
0.000000
0.000000
0.854740
0.000000
0.000000
0.000000
0.000000
0.000000
0.000000
0.649763
0.324882
0.000000
0.000000
0.000000
0.000000
0.000000
0.000000
0.000000
0.649763
0.000000
0.000000
0.000000
0.000000
0.000000
0.000000
0.000000
0.854740
0.000000
0.000000
0.712284
0.000000
0.000000
0.000000
0.000000
0.000000
0.000000
0.000000
0.000000
0.000000
0.000000
0.000000
0.000000
0.058565
0.000000
0.000000
0.000000
0.812204
0.000000
0.000000
0.000000
0.324882
0.204977
0.000000
0.000000
0.000000
0.000000
0.000000
0.000000
0.000000
0.000000
0.000000
0.000000
0.000000
0.000000
0.081991
0.000000
0.000000
0.000000
0.000000
0.000000
0.000000
0.103520
