alpha-DCG@10
0.459663
0.102489
0.655182
0.970586
0.000000
0.441006
0.443631
0.507565
0.220861
0.240333
0.981847
0.000000
0.375868
0.980048
0.054147
0.575991
0.923625
0.298889
0.000000
0.100545
0.298889
0.729848
0.987323
0.187824
0.282515
0.179517
0.912603
0.251363
0.979119
0.854740
0.630258
0.970941
0.000000
0.405519
0.125681
0.914929
0.283050
0.000000
0.511756
0.469637
0.959439
0.363821
0.687704
0.434678
0.167517
0.000000
0.000000
0.000000
0.199075
0.187824
0.000000
0.946249
0.355609
0.222992
0.000000
0.000000
0.625717
0.324882
0.801319
0.000000
0.000000
0.518947
0.649763
0.549874
0.055968
0.826689
0.000000
0.216588
0.000000
0.280634
0.649763
0.000000
0.000000
0.055968
0.064976
0.195598
0.000000
0.000000
0.351955
0.758057
0.142457
0.871994
0.917581
0.909237
0.602427
0.000000
0.000000
0.314432
0.000000
0.370935
0.464116
0.789682
0.649763
0.000000
0.946512
0.747562
0.173588
0.000000
0.371521
0.000000
0.380312
alpha-DCG@10
0.459663
0.102489
0.000000
0.970586
0.642355
0.421938
0.443631
0.507565
0.324882
0.233696
0.981847
0.000000
0.388655
0.979119
0.054147
0.576801
0.558852
0.298889
0.000000
0.100545
0.396118
0.729848
0.987323
0.324882
0.284174
0.179517
0.937053
0.000000
0.979119
0.854740
0.900667
0.970941
0.000000
0.464800
0.139919
0.916787
0.283050
0.000000
0.511756
0.409955
0.975044
0.363821
0.687704
0.429700
0.187855
0.000000
0.000000
0.000000
0.199075
0.187824
0.000000
0.970586
0.355609
0.229427
0.000000
0.924700
0.625717
0.324882
0.827547
0.324882
0.000000
0.456763
0.758057
0.649763
0.055968
0.826689
0.000000
0.000000
0.000000
0.280634
0.000000
0.000000
0.000000
0.081991
0.064976
0.838581
0.000000
0.000000
0.568543
0.758057
0.142457
0.871994
0.917581
0.909237
0.602427
0.000000
0.000000
0.315593
0.000000
0.370449
0.464116
0.775444
0.324882
0.000000
0.970941
0.747562
0.173588
0.000000
0.371521
0.000000
0.392285
alpha-DCG@10
0.458691
0.102489
0.636192
0.967859
0.426229
0.491014
0.389900
0.507565
0.324882
0.218044
0.987716
0.000000
0.388655
0.982085
0.046640
0.592395
0.558852
0.298889
0.000000
0.100545
0.349162
0.725612
0.987323
0.204977
0.292000
0.179517
0.934510
0.204977
0.980410
0.854740
0.902118
0.967381
0.000000
0.464800
0.139919
0.917512
0.247015
0.000000
0.516301
0.279838
0.917512
0.363821
0.670812
0.429700
0.149512
0.000000
0.000000
0.000000
0.199046
0.195598
0.000000
0.970586
0.327207
0.229427
0.000000
0.854740
0.625717
0.324882
0.802529
0.375926
0.000000
0.000000
0.752252
0.743675
0.055968
0.826689
0.000000
0.216588
0.000000
0.280634
0.000000
0.000000
0.000000
0.081991
0.055968
0.812204
0.000000
0.000000
0.351955
0.758057
0.142457
0.871994
0.924700
0.976631
0.602427
0.000000
0.000000
0.315593
0.000000
0.370935
0.464116
0.789682
0.000000
0.000000
0.964892
0.339744
0.188522
0.000000
0.371521
0.000000
0.383230
alpha-DCG@10
0.459663
0.102489
0.655182
0.970586
0.642355
0.441006
0.391492
0.507565
0.324882
0.218044
0.987716
0.000000
0.385233
0.979119
0.041894
0.572055
0.566453
0.302776
0.000000
0.100545
0.396118
0.729848
0.987323
0.409955
0.292000
0.179517
0.936081
0.204977
0.979119
0.908887
0.902118
0.970941
0.000000
0.464800
0.139919
0.916787
0.283050
0.000000
0.537178
0.409955
0.975044
0.363821
0.670812
0.429700
0.187855
0.000000
0.000000
0.000000
0.199075
0.187824
0.000000
0.970586
0.355609
0.311043
0.000000
0.924700
0.625717
0.324882
0.827547
0.375926
0.000000
0.456763
0.747562
0.649763
0.055968
0.826689
0.000000
0.000000
0.000000
0.280634
0.000000
0.000000
0.685947
0.064976
0.064976
0.917581
0.000000
0.000000
0.575632
0.758057
0.142457
0.871994
0.917581
0.909237
0.602427
0.000000
0.000000
0.315593
0.000000
0.370935
0.464116
0.775444
0.649763
0.000000
0.970941
0.747562
0.173588
0.593499
0.371521
0.000000
0.419890
alpha-DCG@10
0.364812
0.102489
0.638337
0.000000
0.642355
0.427780
0.322677
0.507565
0.324882
0.218044
0.981847
0.000000
0.384780
0.979119
0.041894
0.590002
0.659740
0.204977
0.000000
0.092580
0.396118
0.727457
0.987323
0.324882
0.282515
0.173797
0.934510
0.000000
0.979119
0.908887
0.902118
0.970941
0.000000
0.747562
0.139919
0.881454
0.281564
0.000000
0.511756
0.367088
0.975769
0.363821
0.670812
0.429700
0.167517
0.000000
0.000000
0.000000
0.136233
0.187824
0.000000
0.952488
0.355609
0.311043
0.000000
0.854740
0.625717
0.324882
0.706287
0.375926
0.000000
0.494754
0.743675
0.649763
0.000000
0.826689
0.000000
0.000000
0.000000
0.280634
0.649763
0.000000
0.678121
0.064976
0.000000
0.939676
0.000000
0.000000
0.575632
0.752252
0.142457
0.871994
0.917581
0.909237
0.602427
0.000000
0.000000
0.315593
0.000000
0.370935
0.517980
0.775444
0.649763
0.000000
0.970941
0.427370
0.173588
0.204977
0.371521
0.000000
0.403170
alpha-DCG@10
0.459663
0.102489
0.684097
0.970586
0.376205
0.441006
0.443631
0.507565
0.182335
0.000000
0.414044
0.000000
0.388655
0.979119
0.046640
0.571245
0.683091
0.302776
0.000000
0.100545
0.396118
0.729848
0.987323
0.000000
0.284174
0.169112
0.937053
0.000000
0.979119
0.854740
0.902118
0.970941
0.000000
0.649763
0.139919
0.916201
0.245529
0.000000
0.511756
0.204977
0.986305
0.363821
0.670812
0.434678
0.187855
0.000000
0.000000
0.000000
0.136331
0.187824
0.000000
0.970586
0.349739
0.222992
0.000000
0.917581
0.625717
0.324882
0.826510
0.285093
0.000000
0.456763
0.649763
0.619352
0.055968
0.826689
0.000000
0.000000
0.000000
0.280634
0.649763
0.053664
0.000000
0.064976
0.000000
0.450563
0.000000
0.000000
0.575632
0.758057
0.142457
0.871994
0.917581
0.909237
0.602427
0.000000
0.000000
0.315593
0.000000
0.370935
0.464116
0.775444
0.649763
0.000000
0.970941
0.747562
0.173588
0.000000
0.371521
0.000000
0.387481
alpha-DCG@10
0.459663
0.102489
0.939676
0.967859
0.324882
0.556590
0.322677
0.507565
0.375926
0.218044
0.981847
0.064976
0.388655
0.940282
0.046640
0.592395
0.553593
0.140868
0.000000
0.259905
0.367976
0.725612
0.982986
0.204977
0.284174
0.179517
0.934510
0.000000
0.980557
0.854740
0.909237
0.967381
0.000000
0.549874
0.125681
0.976631
0.247015
0.000000
0.516301
0.324882
0.959439
0.365047
0.592261
0.429700
0.151611
0.000000
0.000000
0.251363
0.199222
0.216588
0.000000
0.970586
0.327207
0.229427
0.000000
0.789682
0.625717
0.324882
0.802529
0.375926
0.000000
0.000000
0.752252
0.743675
0.000000
0.851138
0.000000
0.216588
0.000000
0.280634
0.000000
0.053664
0.000000
0.081991
0.064976
0.812204
0.000000
0.000000
0.351955
0.518249
0.142457
0.882163
0.924700
0.927120
0.471750
0.000000
0.000000
0.315593
0.000000
0.370935
0.292825
0.765488
0.000000
0.111935
0.946512
0.388132
0.188522
0.000000
0.371521
0.000000
0.383147
