alpha-DCG@10
0.366254
0.000000
0.409955
0.970586
0.000000
0.440620
0.140336
0.501816
0.194929
0.284029
0.984893
0.000000
0.420378
0.923625
0.054147
0.584355
0.953631
0.303844
0.000000
0.000000
0.632186
0.684718
0.400807
0.000000
0.263227
0.266674
0.789682
0.512444
0.903976
0.649763
0.598773
0.854740
0.037565
0.310499
0.000000
0.859160
0.055968
0.000000
0.604277
0.569493
0.946512
0.324882
0.429297
0.752252
0.055968
0.000000
0.000000
0.000000
0.182521
0.000000
0.000000
0.765488
0.162441
0.135084
0.000000
0.000000
0.324882
0.000000
0.787212
0.000000
0.000000
0.464800
0.216588
0.000000
0.000000
0.861103
0.000000
0.000000
0.000000
0.277865
0.000000
0.000000
0.000000
0.000000
0.000000
0.187824
0.000000
0.000000
0.068326
0.279838
0.108294
0.388132
0.854740
0.845257
0.433175
0.000000
0.000000
0.163982
0.000000
0.115725
0.000000
0.649763
0.649763
0.078239
0.924700
0.324882
0.358710
0.000000
0.108294
0.000000
0.297539
alpha-DCG@10
0.366254
0.000000
0.000000
0.970586
0.409955
0.442241
0.140336
0.501816
0.389858
0.284029
0.984893
0.000000
0.420378
0.917512
0.054147
0.591862
0.677704
0.300449
0.000000
0.000000
0.515329
0.684718
0.319076
0.000000
0.270735
0.266674
0.840926
0.000000
0.903976
0.649763
0.604021
0.854740
0.040995
0.310499
0.000000
0.812204
0.055968
0.000000
0.604277
0.409955
0.907785
0.324882
0.429297
0.752252
0.050273
0.000000
0.000000
0.187824
0.183516
0.000000
0.000000
0.812204
0.162441
0.135084
0.000000
0.866351
0.324882
0.000000
0.809117
0.324882
0.000000
0.464800
0.279838
0.000000
0.000000
0.861103
0.000000
0.000000
0.000000
0.277865
0.000000
0.000000
0.000000
0.000000
0.000000
0.525680
0.000000
0.000000
0.068326
0.324882
0.115725
0.388132
0.854740
0.845257
0.433175
0.000000
0.000000
0.163982
0.000000
0.115725
0.000000
0.649763
0.409955
0.000000
0.935961
0.324882
0.358710
0.000000
0.108294
0.000000
0.303735
alpha-DCG@10
0.363891
0.000000
0.324882
0.969657
0.279838
0.478483
0.117130
0.501816
0.389858
0.279407
0.981958
0.000000
0.420378
0.925808
0.054147
0.592448
0.677704
0.300449
0.000000
0.000000
0.515329
0.685259
0.333939
0.000000
0.286387
0.266674
0.866351
0.433175
0.913584
0.649763
0.607736
0.812204
0.037565
0.310499
0.000000
0.854740
0.055968
0.000000
0.535499
0.302776
0.899494
0.324882
0.429297
0.752252
0.055968
0.000000
0.000000
0.195598
0.183516
0.000000
0.000000
0.812204
0.162441
0.135084
0.000000
0.854740
0.324882
0.000000
0.787212
0.375926
0.000000
0.251363
0.279838
0.000000
0.000000
0.861103
0.000000
0.000000
0.000000
0.277865
0.000000
0.000000
0.000000
0.000000
0.000000
0.649763
0.000000
0.000000
0.068326
0.279838
0.115725
0.388132
0.812204
0.829591
0.433175
0.000000
0.000000
0.163982
0.000000
0.115725
0.000000
0.649763
0.000000
0.081991
0.935961
0.409955
0.361613
0.000000
0.108294
0.000000
0.304930
alpha-DCG@10
0.366254
0.000000
0.409955
0.976455
0.409955
0.440620
0.117130
0.501816
0.389858
0.276522
0.984893
0.000000
0.420378
0.917512
0.046640
0.591862
0.684097
0.315383
0.000000
0.000000
0.518947
0.638823
0.353851
0.000000
0.263227
0.266674
0.838581
0.433175
0.903976
0.649763
0.607736
0.854740
0.043318
0.345274
0.000000
0.812204
0.055968
0.000000
0.619121
0.409955
0.907785
0.324882
0.429297
0.752252
0.055968
0.000000
0.000000
0.195598
0.183516
0.000000
0.000000
0.812204
0.162441
0.208852
0.000000
0.863448
0.324882
0.000000
0.809117
0.375926
0.000000
0.464800
0.251363
0.000000
0.000000
0.861103
0.000000
0.000000
0.000000
0.277865
0.000000
0.000000
0.654453
0.000000
0.000000
0.812204
0.000000
0.000000
0.068326
0.324882
0.115725
0.388132
0.854740
0.845257
0.433175
0.000000
0.000000
0.163982
0.000000
0.115725
0.000000
0.649763
0.649763
0.000000
0.935961
0.324882
0.356366
0.572396
0.108294
0.000000
0.331000
alpha-DCG@10
0.281043
0.000000
0.409955
0.000000
0.409955
0.465907
0.092823
0.501816
0.389858
0.279602
0.984893
0.000000
0.426912
0.917512
0.046640
0.594718
0.683511
0.313030
0.000000
0.000000
0.504710
0.649501
0.402751
0.000000
0.263227
0.266674
0.847544
0.000000
0.916201
0.649763
0.607736
0.854740
0.040995
0.310499
0.000000
0.775444
0.050273
0.000000
0.604277
0.405519
0.882163
0.324882
0.429297
0.752252
0.055968
0.000000
0.000000
0.195598
0.088504
0.000000
0.000000
0.775444
0.162441
0.208852
0.000000
0.747562
0.324882
0.000000
0.753033
0.375926
0.000000
0.464800
0.216588
0.000000
0.000000
0.861103
0.000000
0.000000
0.000000
0.277865
0.000000
0.000000
0.655234
0.000000
0.000000
0.789682
0.000000
0.000000
0.068326
0.279838
0.108294
0.388132
0.854740
0.845257
0.433175
0.000000
0.000000
0.163982
0.000000
0.115725
0.117130
0.649763
0.649763
0.000000
0.935961
0.324882
0.358710
0.279838
0.108294
0.000000
0.309719
alpha-DCG@10
0.366254
0.000000
0.409955
0.970586
0.251363
0.431995
0.140336
0.501816
0.167903
0.000000
0.917512
0.000000
0.420378
0.923382
0.054147
0.584355
0.686586
0.318778
0.000000
0.000000
0.518947
0.684718
0.333939
0.000000
0.270735
0.266674
0.838581
0.204977
0.903976
0.649763
0.607736
0.854740
0.040995
0.000000
0.000000
0.812204
0.055968
0.000000
0.604277
0.310499
0.907785
0.324882
0.429297
0.752252
0.055968
0.000000
0.000000
0.187824
0.088504
0.000000
0.000000
0.812204
0.162441
0.135084
0.000000
0.838581
0.324882
0.000000
0.809117
0.301940
0.000000
0.464800
0.216588
0.000000
0.000000
0.861103
0.000000
0.000000
0.000000
0.277865
0.000000
0.033064
0.000000
0.000000
0.000000
0.525680
0.000000
0.000000
0.162238
0.324882
0.115725
0.388132
0.854740
0.845257
0.433175
0.000000
0.000000
0.163982
0.000000
0.115725
0.066129
0.649763
0.649763
0.078239
0.935961
0.324882
0.356366
0.000000
0.108294
0.000000
0.301872
alpha-DCG@10
0.366254
0.000000
0.649763
0.969657
0.000000
0.441296
0.092823
0.501816
0.389858
0.291660
0.984893
0.081991
0.426912
0.909237
0.054147
0.592931
0.685514
0.188522
0.000000
0.000000
0.548285
0.685259
0.410901
0.000000
0.270735
0.266674
0.843829
0.000000
0.913584
0.649763
0.635236
0.812204
0.037565
0.402751
0.000000
0.612714
0.055968
0.000000
0.535499
0.314387
0.946512
0.324882
0.307466
0.752252
0.055968
0.000000
0.000000
0.279838
0.187192
0.000000
0.000000
0.812204
0.162441
0.135084
0.000000
0.812204
0.324882
0.000000
0.787212
0.375926
0.000000
0.251363
0.279838
0.000000
0.000000
0.870066
0.000000
0.000000
0.000000
0.277865
0.000000
0.039977
0.000000
0.000000
0.000000
0.649763
0.000000
0.000000
0.068326
0.279838
0.093912
0.000000
0.812204
0.956120
0.000000
0.000000
0.000000
0.163982
0.000000
0.115725
0.053664
0.649763
0.000000
0.129953
0.924700
0.409955
0.361613
0.000000
0.108294
0.000000
0.293836
