alpha-DCG@10
0.170815
0.000000
0.649763
0.935961
0.000000
0.429943
0.117130
0.436385
0.167903
0.389977
0.984893
0.000000
0.513761
0.642355
0.108294
0.615566
0.882163
0.000000
0.000000
0.000000
0.812204
0.612089
0.525680
0.000000
0.096503
0.219622
0.765488
0.572396
0.576924
0.649763
0.549874
0.854740
0.000000
0.339744
0.000000
0.000000
0.000000
0.000000
0.549874
0.549874
0.409955
0.324882
0.204977
0.649763
0.000000
0.000000
0.000000
0.000000
0.162441
0.000000
0.000000
0.000000
0.000000
0.000000
0.000000
0.279838
0.000000
0.000000
0.712284
0.000000
0.000000
0.000000
0.000000
0.000000
0.000000
0.324882
0.000000
0.000000
0.000000
0.519810
0.000000
0.000000
0.000000
0.000000
0.000000
0.345274
0.000000
0.000000
0.083788
0.187824
0.162441
0.000000
0.649763
0.572396
0.000000
0.000000
0.000000
0.000000
0.000000
0.000000
0.066129
0.649763
0.649763
0.000000
0.854740
0.324882
0.307466
0.000000
0.159538
0.000000
0.233223
alpha-DCG@10
0.170815
0.000000
0.000000
0.935961
0.000000
0.344870
0.117130
0.436385
0.389858
0.389977
0.984893
0.000000
0.488489
0.642355
0.068326
0.615566
0.642355
0.000000
0.000000
0.000000
0.573638
0.612089
0.572396
0.000000
0.096503
0.219622
0.765488
0.395563
0.576924
0.649763
0.572396
0.854740
0.000000
0.339744
0.000000
0.000000
0.000000
0.000000
0.549874
0.512444
0.409955
0.324882
0.204977
0.649763
0.000000
0.000000
0.000000
0.231450
0.162441
0.000000
0.000000
0.000000
0.000000
0.000000
0.000000
0.854740
0.000000
0.000000
0.712284
0.324882
0.000000
0.000000
0.000000
0.000000
0.000000
0.324882
0.000000
0.000000
0.000000
0.519810
0.000000
0.000000
0.000000
0.000000
0.000000
0.812204
0.000000
0.000000
0.083788
0.187824
0.162441
0.000000
0.649763
0.572396
0.000000
0.000000
0.000000
0.000000
0.000000
0.000000
0.066129
0.649763
0.649763
0.000000
0.854740
0.324882
0.307466
0.000000
0.159538
0.000000
0.237189
alpha-DCG@10
0.170815
0.000000
0.649763
0.935961
0.000000
0.433161
0.117130
0.436385
0.389858
0.312414
0.981958
0.000000
0.488489
0.572396
0.068326
0.513476
0.642355
0.000000
0.000000
0.000000
0.573638
0.591233
0.572396
0.000000
0.096503
0.219622
0.829591
0.572396
0.518249
0.649763
0.572396
0.854740
0.000000
0.386700
0.000000
0.000000
0.000000
0.000000
0.572396
0.324882
0.324882
0.324882
0.204977
0.649763
0.000000
0.000000
0.000000
0.251363
0.162441
0.000000
0.000000
0.000000
0.000000
0.000000
0.000000
0.854740
0.000000
0.000000
0.712284
0.375926
0.000000
0.000000
0.000000
0.000000
0.000000
0.324882
0.000000
0.000000
0.000000
0.519810
0.000000
0.000000
0.000000
0.000000
0.000000
0.765488
0.000000
0.000000
0.093279
0.195598
0.162441
0.000000
0.649763
0.549874
0.000000
0.000000
0.000000
0.000000
0.000000
0.000000
0.055885
0.649763
0.000000
0.046290
0.854740
0.409955
0.307466
0.204977
0.159538
0.000000
0.238580
alpha-DCG@10
0.162998
0.000000
0.649763
0.935961
0.000000
0.429943
0.117130
0.436385
0.389858
0.393890
0.984893
0.000000
0.488489
0.642355
0.068326
0.535630
0.642355
0.000000
0.204977
0.000000
0.653733
0.612089
0.549874
0.000000
0.096503
0.219622
0.765488
0.572396
0.576924
0.649763
0.572396
0.854740
0.000000
0.386700
0.000000
0.000000
0.000000
0.000000
0.572396
0.507754
0.409955
0.324882
0.204977
0.649763
0.000000
0.000000
0.000000
0.251363
0.157936
0.000000
0.000000
0.000000
0.000000
0.000000
0.000000
0.854740
0.000000
0.000000
0.712284
0.375926
0.000000
0.000000
0.000000
0.000000
0.000000
0.324882
0.000000
0.000000
0.000000
0.519810
0.000000
0.000000
0.479815
0.000000
0.000000
0.854740
0.000000
0.000000
0.083788
0.187824
0.162441
0.000000
0.649763
0.572396
0.000000
0.000000
0.000000
0.000000
0.000000
0.000000
0.066129
0.649763
0.649763
0.000000
0.854740
0.324882
0.307466
0.409955
0.159538
0.000000
0.258729
alpha-DCG@10
0.000000
0.000000
0.649763
0.000000
0.000000
0.433161
0.117130
0.436385
0.389858
0.312414
0.984893
0.000000
0.488489
0.630258
0.068326
0.520641
0.642355
0.000000
0.000000
0.000000
0.653733
0.573846
0.525680
0.000000
0.103500
0.165475
0.829591
0.187824
0.589783
0.649763
0.572396
0.854740
0.000000
0.333939
0.000000
0.000000
0.000000
0.000000
0.549874
0.464800
0.409955
0.324882
0.204977
0.649763
0.000000
0.000000
0.000000
0.251363
0.105136
0.000000
0.000000
0.000000
0.000000
0.000000
0.000000
0.789682
0.000000
0.000000
0.712284
0.375926
0.000000
0.000000
0.000000
0.000000
0.000000
0.324882
0.000000
0.000000
0.000000
0.519810
0.000000
0.000000
0.479815
0.000000
0.000000
0.854740
0.000000
0.000000
0.083788
0.187824
0.162441
0.000000
0.649763
0.572396
0.000000
0.000000
0.000000
0.000000
0.000000
0.000000
0.117130
0.649763
0.649763
0.000000
0.854740
0.324882
0.307466
0.000000
0.159538
0.000000
0.234513
alpha-DCG@10
0.170815
0.000000
0.649763
0.935961
0.000000
0.433161
0.117130
0.436385
0.167903
0.000000
0.970586
0.000000
0.488489
0.642355
0.068326
0.535630
0.642355
0.000000
0.000000
0.000000
0.653733
0.612089
0.572396
0.000000
0.108454
0.219622
0.775444
0.525680
0.576924
0.649763
0.572396
0.854740
0.000000
0.216588
0.000000
0.000000
0.000000
0.000000
0.549874
0.440607
0.409955
0.324882
0.204977
0.649763
0.000000
0.000000
0.000000
0.231450
0.105136
0.000000
0.000000
0.000000
0.000000
0.000000
0.000000
0.854740
0.000000
0.000000
0.712284
0.310949
0.000000
0.000000
0.000000
0.000000
0.000000
0.324882
0.000000
0.000000
0.000000
0.519810
0.000000
0.000000
0.000000
0.000000
0.000000
0.854740
0.000000
0.000000
0.083788
0.187824
0.162441
0.000000
0.649763
0.572396
0.000000
0.000000
0.000000
0.000000
0.000000
0.000000
0.079954
0.649763
0.649763
0.000000
0.854740
0.324882
0.307466
0.000000
0.159538
0.000000
0.237731
alpha-DCG@10
0.170815
0.000000
0.649763
0.935961
0.000000
0.433161
0.117130
0.436385
0.389858
0.396263
0.984893
0.000000
0.498277
0.621295
0.068326
0.515953
0.642355
0.187824
0.000000
0.000000
0.647118
0.591233
0.572396
0.000000
0.096503
0.219622
0.829591
0.231450
0.518249
0.649763
0.572396
0.854740
0.000000
0.386700
0.000000
0.204977
0.000000
0.000000
0.572396
0.324882
0.409955
0.324882
0.051244
0.649763
0.000000
0.000000
0.000000
0.649763
0.170948
0.000000
0.000000
0.000000
0.000000
0.000000
0.000000
0.812204
0.000000
0.000000
0.712284
0.375926
0.000000
0.000000
0.000000
0.000000
0.000000
0.324882
0.000000
0.000000
0.000000
0.519810
0.000000
0.000000
0.000000
0.000000
0.000000
0.789682
0.000000
0.000000
0.093279
0.216588
0.125681
0.000000
0.649763
0.854740
0.000000
0.000000
0.000000
0.000000
0.000000
0.000000
0.066129
0.649763
0.000000
0.081991
0.854740
0.409955
0.307466
0.204977
0.159538
0.000000
0.247862
