stemmer qid ndcg n collectionSize maxLength
paiceHusk 251 0.324882 2 26171443 2981
paiceHusk 252 0.939676 2 26171443 2981
paiceHusk 253 0.338369 2 26171443 2981
paiceHusk 254 0.331714 2 26171443 2981
paiceHusk 255 0.000000 2 26171443 2981
paiceHusk 256 0.339744 2 26171443 2981
paiceHusk 257 0.657806 2 26171443 2981
paiceHusk 258 0.395909 2 26171443 2981
paiceHusk 259 0.799532 2 26171443 2981
paiceHusk 260 0.000000 2 26171443 2981
paiceHusk 261 0.000000 2 26171443 2981
paiceHusk 262 0.635236 2 26171443 2981
paiceHusk 263 0.649763 2 26171443 2981
paiceHusk 264 0.433175 2 26171443 2981
paiceHusk 265 0.039137 2 26171443 2981
paiceHusk 266 0.961583 2 26171443 2981
paiceHusk 267 0.000000 2 26171443 2981
paiceHusk 268 0.279838 2 26171443 2981
paiceHusk 269 0.000000 2 26171443 2981
paiceHusk 270 0.217045 2 26171443 2981
paiceHusk 271 0.649763 2 26171443 2981
paiceHusk 272 0.053706 2 26171443 2981
paiceHusk 273 0.000000 2 26171443 2981
paiceHusk 274 0.061091 2 26171443 2981
paiceHusk 275 0.061356 2 26171443 2981
paiceHusk 276 0.329249 2 26171443 2981
paiceHusk 277 0.000000 2 26171443 2981
paiceHusk 278 0.000000 2 26171443 2981
paiceHusk 279 0.298270 2 26171443 2981
paiceHusk 280 0.549874 2 26171443 2981
paiceHusk 281 0.219337 2 26171443 2981
paiceHusk 282 0.857757 2 26171443 2981
paiceHusk 283 0.935961 2 26171443 2981
paiceHusk 284 0.968345 2 26171443 2981
paiceHusk 285 0.623974 2 26171443 2981
paiceHusk 286 0.000000 2 26171443 2981
paiceHusk 287 0.000000 2 26171443 2981
paiceHusk 288 0.339720 2 26171443 2981
paiceHusk 289 0.000000 2 26171443 2981
paiceHusk 290 0.371900 2 26171443 2981
paiceHusk 291 0.000000 2 26171443 2981
paiceHusk 292 0.812204 2 26171443 2981
paiceHusk 293 0.649763 2 26171443 2981
paiceHusk 294 0.000000 2 26171443 2981
paiceHusk 295 0.964892 2 26171443 2981
paiceHusk 296 0.854740 2 26171443 2981
paiceHusk 297 0.162858 2 26171443 2981
paiceHusk 298 0.000000 2 26171443 2981
paiceHusk 299 0.345621 2 26171443 2981
paiceHusk 300 0.000000 2 26171443 2981
paiceHusk amean 0.349076 2 26171443 2981
krovetz 251 0.251363 2 26171443 2981
krovetz 252 0.968345 2 26171443 2981
krovetz 253 0.338369 2 26171443 2981
krovetz 254 0.331714 2 26171443 2981
krovetz 255 0.000000 2 26171443 2981
krovetz 256 0.912603 2 26171443 2981
krovetz 257 0.652161 2 26171443 2981
krovetz 258 0.395909 2 26171443 2981
krovetz 259 0.827849 2 26171443 2981
krovetz 260 0.377004 2 26171443 2981
krovetz 261 0.000000 2 26171443 2981
krovetz 262 0.522663 2 26171443 2981
krovetz 263 0.833307 2 26171443 2981
krovetz 264 0.649763 2 26171443 2981
krovetz 265 0.039137 2 26171443 2981
krovetz 266 0.961583 2 26171443 2981
krovetz 267 0.000000 2 26171443 2981
krovetz 268 0.231450 2 26171443 2981
krovetz 269 0.000000 2 26171443 2981
krovetz 270 0.217045 2 26171443 2981
krovetz 271 0.324882 2 26171443 2981
krovetz 272 0.069414 2 26171443 2981
krovetz 273 0.000000 2 26171443 2981
krovetz 274 0.061091 2 26171443 2981
krovetz 275 0.061356 2 26171443 2981
krovetz 276 0.621295 2 26171443 2981
krovetz 277 0.000000 2 26171443 2981
krovetz 278 0.000000 2 26171443 2981
krovetz 279 0.298270 2 26171443 2981
krovetz 280 0.789682 2 26171443 2981
krovetz 281 0.219337 2 26171443 2981
krovetz 282 0.857757 2 26171443 2981
krovetz 283 0.935961 2 26171443 2981
krovetz 284 0.968345 2 26171443 2981
krovetz 285 0.623974 2 26171443 2981
krovetz 286 0.000000 2 26171443 2981
krovetz 287 0.000000 2 26171443 2981
krovetz 288 0.339720 2 26171443 2981
krovetz 289 0.000000 2 26171443 2981
krovetz 290 0.370811 2 26171443 2981
krovetz 291 0.000000 2 26171443 2981
krovetz 292 0.812204 2 26171443 2981
krovetz 293 0.409955 2 26171443 2981
krovetz 294 0.000000 2 26171443 2981
krovetz 295 0.970941 2 26171443 2981
krovetz 296 0.854740 2 26171443 2981
krovetz 297 0.162858 2 26171443 2981
krovetz 298 0.000000 2 26171443 2981
krovetz 299 0.303073 2 26171443 2981
krovetz 300 0.000000 2 26171443 2981
krovetz amean 0.371319 2 26171443 2981
sStripping 251 0.000000 2 26171443 2981
sStripping 252 0.968345 2 26171443 2981
sStripping 253 0.327479 2 26171443 2981
sStripping 254 0.331714 2 26171443 2981
sStripping 255 0.062006 2 26171443 2981
sStripping 256 0.882163 2 26171443 2981
sStripping 257 0.654909 2 26171443 2981
sStripping 258 0.395909 2 26171443 2981
sStripping 259 0.799532 2 26171443 2981
sStripping 260 0.377004 2 26171443 2981
sStripping 261 0.000000 2 26171443 2981
sStripping 262 0.000000 2 26171443 2981
sStripping 263 0.833307 2 26171443 2981
sStripping 264 0.409955 2 26171443 2981
sStripping 265 0.039137 2 26171443 2981
sStripping 266 0.961583 2 26171443 2981
sStripping 267 0.000000 2 26171443 2981
sStripping 268 0.279838 2 26171443 2981
sStripping 269 0.000000 2 26171443 2981
sStripping 270 0.217045 2 26171443 2981
sStripping 271 0.279838 2 26171443 2981
sStripping 272 0.069414 2 26171443 2981
sStripping 273 0.000000 2 26171443 2981
sStripping 274 0.061091 2 26171443 2981
sStripping 275 0.071232 2 26171443 2981
sStripping 276 0.844085 2 26171443 2981
sStripping 277 0.000000 2 26171443 2981
sStripping 278 0.000000 2 26171443 2981
sStripping 279 0.327004 2 26171443 2981
sStripping 280 0.765488 2 26171443 2981
sStripping 281 0.219337 2 26171443 2981
sStripping 282 0.857757 2 26171443 2981
sStripping 283 0.935961 2 26171443 2981
sStripping 284 0.979120 2 26171443 2981
sStripping 285 0.616467 2 26171443 2981
sStripping 286 0.000000 2 26171443 2981
sStripping 287 0.000000 2 26171443 2981
sStripping 288 0.339720 2 26171443 2981
sStripping 289 0.000000 2 26171443 2981
sStripping 290 0.371900 2 26171443 2981
sStripping 291 0.000000 2 26171443 2981
sStripping 292 0.812204 2 26171443 2981
sStripping 293 0.000000 2 26171443 2981
sStripping 294 0.167481 2 26171443 2981
sStripping 295 0.970941 2 26171443 2981
sStripping 296 0.789682 2 26171443 2981
sStripping 297 0.189006 2 26171443 2981
sStripping 298 0.000000 2 26171443 2981
sStripping 299 0.303073 2 26171443 2981
sStripping 300 0.000000 2 26171443 2981
sStripping amean 0.350215 2 26171443 2981
porter2 251 0.324882 2 26171443 2981
porter2 252 0.968931 2 26171443 2981
porter2 253 0.338369 2 26171443 2981
porter2 254 0.336450 2 26171443 2981
porter2 255 0.000000 2 26171443 2981
porter2 256 0.912603 2 26171443 2981
porter2 257 0.652161 2 26171443 2981
porter2 258 0.395909 2 26171443 2981
porter2 259 0.827849 2 26171443 2981
porter2 260 0.377004 2 26171443 2981
porter2 261 0.000000 2 26171443 2981
porter2 262 0.522663 2 26171443 2981
porter2 263 0.809301 2 26171443 2981
porter2 264 0.649763 2 26171443 2981
porter2 265 0.039137 2 26171443 2981
porter2 266 0.961583 2 26171443 2981
porter2 267 0.000000 2 26171443 2981
porter2 268 0.231450 2 26171443 2981
porter2 269 0.000000 2 26171443 2981
porter2 270 0.217045 2 26171443 2981
porter2 271 0.279838 2 26171443 2981
porter2 272 0.053706 2 26171443 2981
porter2 273 0.692035 2 26171443 2981
porter2 274 0.061091 2 26171443 2981
porter2 275 0.061356 2 26171443 2981
porter2 276 0.623640 2 26171443 2981
porter2 277 0.000000 2 26171443 2981
porter2 278 0.000000 2 26171443 2981
porter2 279 0.298270 2 26171443 2981
porter2 280 0.507754 2 26171443 2981
porter2 281 0.219337 2 26171443 2981
porter2 282 0.856785 2 26171443 2981
porter2 283 0.935961 2 26171443 2981
porter2 284 0.956120 2 26171443 2981
porter2 285 0.616467 2 26171443 2981
porter2 286 0.000000 2 26171443 2981
porter2 287 0.000000 2 26171443 2981
porter2 288 0.339720 2 26171443 2981
porter2 289 0.000000 2 26171443 2981
porter2 290 0.371900 2 26171443 2981
porter2 291 0.000000 2 26171443 2981
porter2 292 0.812204 2 26171443 2981
porter2 293 0.649763 2 26171443 2981
porter2 294 0.000000 2 26171443 2981
porter2 295 0.970941 2 26171443 2981
porter2 296 0.854740 2 26171443 2981
porter2 297 0.162858 2 26171443 2981
porter2 298 0.924700 2 26171443 2981
porter2 299 0.345621 2 26171443 2981
porter2 300 0.000000 2 26171443 2981
porter2 amean 0.403198 2 26171443 2981
lovins 251 0.216588 2 26171443 2981
lovins 252 0.953631 2 26171443 2981
lovins 253 0.340568 2 26171443 2981
lovins 254 0.336450 2 26171443 2981
lovins 255 0.000000 2 26171443 2981
lovins 256 0.854740 2 26171443 2981
lovins 257 0.652161 2 26171443 2981
lovins 258 0.395909 2 26171443 2981
lovins 259 0.688907 2 26171443 2981
lovins 260 0.377004 2 26171443 2981
lovins 261 0.000000 2 26171443 2981
lovins 262 0.516045 2 26171443 2981
lovins 263 0.743675 2 26171443 2981
lovins 264 0.649763 2 26171443 2981
lovins 265 0.000000 2 26171443 2981
lovins 266 0.961583 2 26171443 2981
lovins 267 0.000000 2 26171443 2981
lovins 268 0.231450 2 26171443 2981
lovins 269 0.000000 2 26171443 2981
lovins 270 0.217045 2 26171443 2981
lovins 271 0.649763 2 26171443 2981
lovins 272 0.053706 2 26171443 2981
lovins 273 0.706325 2 26171443 2981
lovins 274 0.061091 2 26171443 2981
lovins 275 0.000000 2 26171443 2981
lovins 276 0.604021 2 26171443 2981
lovins 277 0.000000 2 26171443 2981
lovins 278 0.000000 2 26171443 2981
lovins 279 0.413617 2 26171443 2981
lovins 280 0.503867 2 26171443 2981
lovins 281 0.219337 2 26171443 2981
lovins 282 0.833307 2 26171443 2981
lovins 283 0.935961 2 26171443 2981
lovins 284 0.956120 2 26171443 2981
lovins 285 0.616467 2 26171443 2981
lovins 286 0.204977 2 26171443 2981
lovins 287 0.000000 2 26171443 2981
lovins 288 0.339720 2 26171443 2981
lovins 289 0.000000 2 26171443 2981
lovins 290 0.371900 2 26171443 2981
lovins 291 0.000000 2 26171443 2981
lovins 292 0.812204 2 26171443 2981
lovins 293 0.649763 2 26171443 2981
lovins 294 0.000000 2 26171443 2981
lovins 295 0.970941 2 26171443 2981
lovins 296 0.854740 2 26171443 2981
lovins 297 0.162858 2 26171443 2981
lovins 298 0.409955 2 26171443 2981
lovins 299 0.345621 2 26171443 2981
lovins 300 0.000000 2 26171443 2981
lovins amean 0.396236 2 26171443 2981
wikt 251 0.324882 2 26171443 2981
wikt 252 0.968345 2 26171443 2981
wikt 253 0.340568 2 26171443 2981
wikt 254 0.331714 2 26171443 2981
wikt 255 0.000000 2 26171443 2981
wikt 256 0.854740 2 26171443 2981
wikt 257 0.652161 2 26171443 2981
wikt 258 0.395909 2 26171443 2981
wikt 259 0.823299 2 26171443 2981
wikt 260 0.290120 2 26171443 2981
wikt 261 0.000000 2 26171443 2981
wikt 262 0.522663 2 26171443 2981
wikt 263 0.794518 2 26171443 2981
wikt 264 0.525680 2 26171443 2981
wikt 265 0.039137 2 26171443 2981
wikt 266 0.961583 2 26171443 2981
wikt 267 0.000000 2 26171443 2981
wikt 268 0.231450 2 26171443 2981
wikt 269 0.000000 2 26171443 2981
wikt 270 0.217045 2 26171443 2981
wikt 271 0.649763 2 26171443 2981
wikt 272 0.043795 2 26171443 2981
wikt 273 0.000000 2 26171443 2981
wikt 274 0.061091 2 26171443 2981
wikt 275 0.000000 2 26171443 2981
wikt 276 0.623640 2 26171443 2981
wikt 277 0.000000 2 26171443 2981
wikt 278 0.000000 2 26171443 2981
wikt 279 0.626367 2 26171443 2981
wikt 280 0.789682 2 26171443 2981
wikt 281 0.219337 2 26171443 2981
wikt 282 0.860380 2 26171443 2981
wikt 283 0.935961 2 26171443 2981
wikt 284 0.991519 2 26171443 2981
wikt 285 0.623974 2 26171443 2981
wikt 286 0.187824 2 26171443 2981
wikt 287 0.000000 2 26171443 2981
wikt 288 0.339720 2 26171443 2981
wikt 289 0.000000 2 26171443 2981
wikt 290 0.371900 2 26171443 2981
wikt 291 0.000000 2 26171443 2981
wikt 292 0.812204 2 26171443 2981
wikt 293 0.649763 2 26171443 2981
wikt 294 0.000000 2 26171443 2981
wikt 295 0.970941 2 26171443 2981
wikt 296 0.854740 2 26171443 2981
wikt 297 0.162858 2 26171443 2981
wikt 298 0.000000 2 26171443 2981
wikt 299 0.303073 2 26171443 2981
wikt 300 0.000000 2 26171443 2981
wikt amean 0.387047 2 26171443 2981
none 251 0.000000 2 26171443 2981
none 252 0.968345 2 26171443 2981
none 253 0.327479 2 26171443 2981
none 254 0.331714 2 26171443 2981
none 255 0.000000 2 26171443 2981
none 256 0.882163 2 26171443 2981
none 257 0.654909 2 26171443 2981
none 258 0.395909 2 26171443 2981
none 259 0.799532 2 26171443 2981
none 260 0.377004 2 26171443 2981
none 261 0.000000 2 26171443 2981
none 262 0.000000 2 26171443 2981
none 263 0.819635 2 26171443 2981
none 264 0.649763 2 26171443 2981
none 265 0.000000 2 26171443 2981
none 266 0.975259 2 26171443 2981
none 267 0.000000 2 26171443 2981
none 268 0.251363 2 26171443 2981
none 269 0.000000 2 26171443 2981
none 270 0.217045 2 26171443 2981
none 271 0.000000 2 26171443 2981
none 272 0.049451 2 26171443 2981
none 273 0.000000 2 26171443 2981
none 274 0.070925 2 26171443 2981
none 275 0.061356 2 26171443 2981
none 276 0.809301 2 26171443 2981
none 277 0.000000 2 26171443 2981
none 278 0.000000 2 26171443 2981
none 279 0.327004 2 26171443 2981
none 280 0.747562 2 26171443 2981
none 281 0.215819 2 26171443 2981
none 282 0.927118 2 26171443 2981
none 283 0.935961 2 26171443 2981
none 284 0.960049 2 26171443 2981
none 285 0.433175 2 26171443 2981
none 286 0.231450 2 26171443 2981
none 287 0.000000 2 26171443 2981
none 288 0.339720 2 26171443 2981
none 289 0.000000 2 26171443 2981
none 290 0.371900 2 26171443 2981
none 291 0.000000 2 26171443 2981
none 292 0.747562 2 26171443 2981
none 293 0.000000 2 26171443 2981
none 294 0.220994 2 26171443 2981
none 295 0.970941 2 26171443 2981
none 296 0.572396 2 26171443 2981
none 297 0.189006 2 26171443 2981
none 298 0.000000 2 26171443 2981
none 299 0.345621 2 26171443 2981
none 300 0.000000 2 26171443 2981
none amean 0.343549 2 26171443 2981
