stemmer qid ndcg n collectionSize maxLength
paiceHusk 251 0.000000 8 6542860 403
paiceHusk 252 0.000000 8 6542860 403
paiceHusk 253 0.000000 8 6542860 403
paiceHusk 254 0.000000 8 6542860 403
paiceHusk 255 0.000000 8 6542860 403
paiceHusk 256 0.649763 8 6542860 403
paiceHusk 257 0.000000 8 6542860 403
paiceHusk 258 0.000000 8 6542860 403
paiceHusk 259 0.712284 8 6542860 403
paiceHusk 260 0.000000 8 6542860 403
paiceHusk 261 0.000000 8 6542860 403
paiceHusk 262 0.000000 8 6542860 403
paiceHusk 263 0.000000 8 6542860 403
paiceHusk 264 0.000000 8 6542860 403
paiceHusk 265 0.000000 8 6542860 403
paiceHusk 266 0.195598 8 6542860 403
paiceHusk 267 0.000000 8 6542860 403
paiceHusk 268 0.000000 8 6542860 403
paiceHusk 269 0.000000 8 6542860 403
paiceHusk 270 0.000000 8 6542860 403
paiceHusk 271 0.000000 8 6542860 403
paiceHusk 272 0.000000 8 6542860 403
paiceHusk 273 0.000000 8 6542860 403
paiceHusk 274 0.000000 8 6542860 403
paiceHusk 275 0.000000 8 6542860 403
paiceHusk 276 0.000000 8 6542860 403
paiceHusk 277 0.000000 8 6542860 403
paiceHusk 278 0.000000 8 6542860 403
paiceHusk 279 0.068976 8 6542860 403
paiceHusk 280 0.000000 8 6542860 403
paiceHusk 281 0.000000 8 6542860 403
paiceHusk 282 0.000000 8 6542860 403
paiceHusk 283 0.649763 8 6542860 403
paiceHusk 284 0.854740 8 6542860 403
paiceHusk 285 0.000000 8 6542860 403
paiceHusk 286 0.000000 8 6542860 403
paiceHusk 287 0.000000 8 6542860 403
paiceHusk 288 0.000000 8 6542860 403
paiceHusk 289 0.000000 8 6542860 403
paiceHusk 290 0.000000 8 6542860 403
paiceHusk 291 0.079233 8 6542860 403
paiceHusk 292 0.649763 8 6542860 403
paiceHusk 293 0.251363 8 6542860 403
paiceHusk 294 0.000000 8 6542860 403
paiceHusk 295 0.854740 8 6542860 403
paiceHusk 296 0.000000 8 6542860 403
paiceHusk 297 0.308256 8 6542860 403
paiceHusk 298 0.000000 8 6542860 403
paiceHusk 299 0.131332 8 6542860 403
paiceHusk 300 0.324882 8 6542860 403
paiceHusk amean 0.114614 8 6542860 403
krovetz 251 0.000000 8 6542860 403
krovetz 252 0.000000 8 6542860 403
krovetz 253 0.000000 8 6542860 403
krovetz 254 0.000000 8 6542860 403
krovetz 255 0.000000 8 6542860 403
krovetz 256 0.649763 8 6542860 403
krovetz 257 0.000000 8 6542860 403
krovetz 258 0.000000 8 6542860 403
krovetz 259 0.712284 8 6542860 403
krovetz 260 0.065163 8 6542860 403
krovetz 261 0.000000 8 6542860 403
krovetz 262 0.000000 8 6542860 403
krovetz 263 0.000000 8 6542860 403
krovetz 264 0.000000 8 6542860 403
krovetz 265 0.000000 8 6542860 403
krovetz 266 0.187824 8 6542860 403
krovetz 267 0.000000 8 6542860 403
krovetz 268 0.000000 8 6542860 403
krovetz 269 0.000000 8 6542860 403
krovetz 270 0.000000 8 6542860 403
krovetz 271 0.000000 8 6542860 403
krovetz 272 0.000000 8 6542860 403
krovetz 273 0.000000 8 6542860 403
krovetz 274 0.000000 8 6542860 403
krovetz 275 0.000000 8 6542860 403
krovetz 276 0.000000 8 6542860 403
krovetz 277 0.000000 8 6542860 403
krovetz 278 0.000000 8 6542860 403
krovetz 279 0.068976 8 6542860 403
krovetz 280 0.000000 8 6542860 403
krovetz 281 0.000000 8 6542860 403
krovetz 282 0.000000 8 6542860 403
krovetz 283 0.649763 8 6542860 403
krovetz 284 0.854740 8 6542860 403
krovetz 285 0.000000 8 6542860 403
krovetz 286 0.000000 8 6542860 403
krovetz 287 0.000000 8 6542860 403
krovetz 288 0.000000 8 6542860 403
krovetz 289 0.000000 8 6542860 403
krovetz 290 0.000000 8 6542860 403
krovetz 291 0.079233 8 6542860 403
krovetz 292 0.649763 8 6542860 403
krovetz 293 0.000000 8 6542860 403
krovetz 294 0.000000 8 6542860 403
krovetz 295 0.854740 8 6542860 403
krovetz 296 0.000000 8 6542860 403
krovetz 297 0.308256 8 6542860 403
krovetz 298 0.000000 8 6542860 403
krovetz 299 0.137971 8 6542860 403
krovetz 300 0.324882 8 6542860 403
krovetz amean 0.110867 8 6542860 403
sStripping 251 0.000000 8 6542860 403
sStripping 252 0.000000 8 6542860 403
sStripping 253 0.000000 8 6542860 403
sStripping 254 0.000000 8 6542860 403
sStripping 255 0.000000 8 6542860 403
sStripping 256 0.649763 8 6542860 403
sStripping 257 0.000000 8 6542860 403
sStripping 258 0.000000 8 6542860 403
sStripping 259 0.712284 8 6542860 403
sStripping 260 0.065163 8 6542860 403
sStripping 261 0.000000 8 6542860 403
sStripping 262 0.279838 8 6542860 403
sStripping 263 0.000000 8 6542860 403
sStripping 264 0.000000 8 6542860 403
sStripping 265 0.000000 8 6542860 403
sStripping 266 0.195598 8 6542860 403
sStripping 267 0.000000 8 6542860 403
sStripping 268 0.000000 8 6542860 403
sStripping 269 0.000000 8 6542860 403
sStripping 270 0.000000 8 6542860 403
sStripping 271 0.000000 8 6542860 403
sStripping 272 0.000000 8 6542860 403
sStripping 273 0.000000 8 6542860 403
sStripping 274 0.000000 8 6542860 403
sStripping 275 0.000000 8 6542860 403
sStripping 276 0.000000 8 6542860 403
sStripping 277 0.000000 8 6542860 403
sStripping 278 0.000000 8 6542860 403
sStripping 279 0.071831 8 6542860 403
sStripping 280 0.000000 8 6542860 403
sStripping 281 0.000000 8 6542860 403
sStripping 282 0.000000 8 6542860 403
sStripping 283 0.649763 8 6542860 403
sStripping 284 0.854740 8 6542860 403
sStripping 285 0.000000 8 6542860 403
sStripping 286 0.000000 8 6542860 403
sStripping 287 0.000000 8 6542860 403
sStripping 288 0.000000 8 6542860 403
sStripping 289 0.000000 8 6542860 403
sStripping 290 0.000000 8 6542860 403
sStripping 291 0.079233 8 6542860 403
sStripping 292 0.649763 8 6542860 403
sStripping 293 0.000000 8 6542860 403
sStripping 294 0.000000 8 6542860 403
sStripping 295 0.854740 8 6542860 403
sStripping 296 0.000000 8 6542860 403
sStripping 297 0.308256 8 6542860 403
sStripping 298 0.000000 8 6542860 403
sStripping 299 0.137971 8 6542860 403
sStripping 300 0.409955 8 6542860 403
sStripping amean 0.118378 8 6542860 403
porter2 251 0.000000 8 6542860 403
porter2 252 0.000000 8 6542860 403
porter2 253 0.000000 8 6542860 403
porter2 254 0.000000 8 6542860 403
porter2 255 0.000000 8 6542860 403
porter2 256 0.649763 8 6542860 403
porter2 257 0.000000 8 6542860 403
porter2 258 0.000000 8 6542860 403
porter2 259 0.712284 8 6542860 403
porter2 260 0.065163 8 6542860 403
porter2 261 0.000000 8 6542860 403
porter2 262 0.000000 8 6542860 403
porter2 263 0.000000 8 6542860 403
porter2 264 0.000000 8 6542860 403
porter2 265 0.000000 8 6542860 403
porter2 266 0.195598 8 6542860 403
porter2 267 0.000000 8 6542860 403
porter2 268 0.000000 8 6542860 403
porter2 269 0.000000 8 6542860 403
porter2 270 0.000000 8 6542860 403
porter2 271 0.000000 8 6542860 403
porter2 272 0.000000 8 6542860 403
porter2 273 0.436565 8 6542860 403
porter2 274 0.000000 8 6542860 403
porter2 275 0.000000 8 6542860 403
porter2 276 0.000000 8 6542860 403
porter2 277 0.000000 8 6542860 403
porter2 278 0.000000 8 6542860 403
porter2 279 0.068976 8 6542860 403
porter2 280 0.000000 8 6542860 403
porter2 281 0.000000 8 6542860 403
porter2 282 0.000000 8 6542860 403
porter2 283 0.649763 8 6542860 403
porter2 284 0.854740 8 6542860 403
porter2 285 0.000000 8 6542860 403
porter2 286 0.000000 8 6542860 403
porter2 287 0.000000 8 6542860 403
porter2 288 0.000000 8 6542860 403
porter2 289 0.000000 8 6542860 403
porter2 290 0.000000 8 6542860 403
porter2 291 0.079233 8 6542860 403
porter2 292 0.649763 8 6542860 403
porter2 293 0.649763 8 6542860 403
porter2 294 0.000000 8 6542860 403
porter2 295 0.854740 8 6542860 403
porter2 296 0.000000 8 6542860 403
porter2 297 0.308256 8 6542860 403
porter2 298 0.000000 8 6542860 403
porter2 299 0.137971 8 6542860 403
porter2 300 0.324882 8 6542860 403
porter2 amean 0.132749 8 6542860 403
lovins 251 0.000000 8 6542860 403
lovins 252 0.000000 8 6542860 403
lovins 253 0.000000 8 6542860 403
lovins 254 0.000000 8 6542860 403
lovins 255 0.000000 8 6542860 403
lovins 256 0.649763 8 6542860 403
lovins 257 0.000000 8 6542860 403
lovins 258 0.000000 8 6542860 403
lovins 259 0.658068 8 6542860 403
lovins 260 0.065163 8 6542860 403
lovins 261 0.000000 8 6542860 403
lovins 262 0.000000 8 6542860 403
lovins 263 0.000000 8 6542860 403
lovins 264 0.000000 8 6542860 403
lovins 265 0.000000 8 6542860 403
lovins 266 0.195598 8 6542860 403
lovins 267 0.000000 8 6542860 403
lovins 268 0.000000 8 6542860 403
lovins 269 0.000000 8 6542860 403
lovins 270 0.000000 8 6542860 403
lovins 271 0.000000 8 6542860 403
lovins 272 0.000000 8 6542860 403
lovins 273 0.436565 8 6542860 403
lovins 274 0.000000 8 6542860 403
lovins 275 0.000000 8 6542860 403
lovins 276 0.000000 8 6542860 403
lovins 277 0.000000 8 6542860 403
lovins 278 0.000000 8 6542860 403
lovins 279 0.068976 8 6542860 403
lovins 280 0.000000 8 6542860 403
lovins 281 0.000000 8 6542860 403
lovins 282 0.000000 8 6542860 403
lovins 283 0.649763 8 6542860 403
lovins 284 0.854740 8 6542860 403
lovins 285 0.000000 8 6542860 403
lovins 286 0.000000 8 6542860 403
lovins 287 0.000000 8 6542860 403
lovins 288 0.000000 8 6542860 403
lovins 289 0.000000 8 6542860 403
lovins 290 0.000000 8 6542860 403
lovins 291 0.079233 8 6542860 403
lovins 292 0.649763 8 6542860 403
lovins 293 0.409955 8 6542860 403
lovins 294 0.000000 8 6542860 403
lovins 295 0.854740 8 6542860 403
lovins 296 0.000000 8 6542860 403
lovins 297 0.308256 8 6542860 403
lovins 298 0.000000 8 6542860 403
lovins 299 0.131332 8 6542860 403
lovins 300 0.324882 8 6542860 403
lovins amean 0.126736 8 6542860 403
wikt 251 0.000000 8 6542860 403
wikt 252 0.000000 8 6542860 403
wikt 253 0.000000 8 6542860 403
wikt 254 0.000000 8 6542860 403
wikt 255 0.000000 8 6542860 403
wikt 256 0.649763 8 6542860 403
wikt 257 0.000000 8 6542860 403
wikt 258 0.000000 8 6542860 403
wikt 259 0.712284 8 6542860 403
wikt 260 0.000000 8 6542860 403
wikt 261 0.000000 8 6542860 403
wikt 262 0.000000 8 6542860 403
wikt 263 0.000000 8 6542860 403
wikt 264 0.000000 8 6542860 403
wikt 265 0.000000 8 6542860 403
wikt 266 0.195598 8 6542860 403
wikt 267 0.000000 8 6542860 403
wikt 268 0.000000 8 6542860 403
wikt 269 0.000000 8 6542860 403
wikt 270 0.000000 8 6542860 403
wikt 271 0.000000 8 6542860 403
wikt 272 0.000000 8 6542860 403
wikt 273 0.000000 8 6542860 403
wikt 274 0.000000 8 6542860 403
wikt 275 0.000000 8 6542860 403
wikt 276 0.000000 8 6542860 403
wikt 277 0.000000 8 6542860 403
wikt 278 0.000000 8 6542860 403
wikt 279 0.068976 8 6542860 403
wikt 280 0.000000 8 6542860 403
wikt 281 0.000000 8 6542860 403
wikt 282 0.000000 8 6542860 403
wikt 283 0.649763 8 6542860 403
wikt 284 0.854740 8 6542860 403
wikt 285 0.000000 8 6542860 403
wikt 286 0.000000 8 6542860 403
wikt 287 0.000000 8 6542860 403
wikt 288 0.000000 8 6542860 403
wikt 289 0.000000 8 6542860 403
wikt 290 0.000000 8 6542860 403
wikt 291 0.079233 8 6542860 403
wikt 292 0.649763 8 6542860 403
wikt 293 0.649763 8 6542860 403
wikt 294 0.000000 8 6542860 403
wikt 295 0.854740 8 6542860 403
wikt 296 0.000000 8 6542860 403
wikt 297 0.308256 8 6542860 403
wikt 298 0.000000 8 6542860 403
wikt 299 0.137971 8 6542860 403
wikt 300 0.324882 8 6542860 403
wikt amean 0.122715 8 6542860 403
none 251 0.000000 8 6542860 403
none 252 0.000000 8 6542860 403
none 253 0.000000 8 6542860 403
none 254 0.000000 8 6542860 403
none 255 0.000000 8 6542860 403
none 256 0.649763 8 6542860 403
none 257 0.000000 8 6542860 403
none 258 0.000000 8 6542860 403
none 259 0.712284 8 6542860 403
none 260 0.065163 8 6542860 403
none 261 0.000000 8 6542860 403
none 262 0.279838 8 6542860 403
none 263 0.000000 8 6542860 403
none 264 0.000000 8 6542860 403
none 265 0.000000 8 6542860 403
none 266 0.251363 8 6542860 403
none 267 0.000000 8 6542860 403
none 268 0.000000 8 6542860 403
none 269 0.000000 8 6542860 403
none 270 0.000000 8 6542860 403
none 271 0.000000 8 6542860 403
none 272 0.000000 8 6542860 403
none 273 0.000000 8 6542860 403
none 274 0.000000 8 6542860 403
none 275 0.000000 8 6542860 403
none 276 0.000000 8 6542860 403
none 277 0.000000 8 6542860 403
none 278 0.000000 8 6542860 403
none 279 0.071831 8 6542860 403
none 280 0.000000 8 6542860 403
none 281 0.000000 8 6542860 403
none 282 0.000000 8 6542860 403
none 283 0.649763 8 6542860 403
none 284 0.854740 8 6542860 403
none 285 0.000000 8 6542860 403
none 286 0.000000 8 6542860 403
none 287 0.000000 8 6542860 403
none 288 0.000000 8 6542860 403
none 289 0.000000 8 6542860 403
none 290 0.000000 8 6542860 403
none 291 0.088208 8 6542860 403
none 292 0.649763 8 6542860 403
none 293 0.000000 8 6542860 403
none 294 0.000000 8 6542860 403
none 295 0.854740 8 6542860 403
none 296 0.000000 8 6542860 403
none 297 0.308256 8 6542860 403
none 298 0.000000 8 6542860 403
none 299 0.137971 8 6542860 403
none 300 0.409955 8 6542860 403
none amean 0.119673 8 6542860 403
