stemmer qid ndcg n collectionSize maxLength
paiceHusk 251 0.000000 4 13085721 1097
paiceHusk 252 0.901696 4 13085721 1097
paiceHusk 253 0.164109 4 13085721 1097
paiceHusk 254 0.167282 4 13085721 1097
paiceHusk 255 0.000000 4 13085721 1097
paiceHusk 256 0.251363 4 13085721 1097
paiceHusk 257 0.334356 4 13085721 1097
paiceHusk 258 0.057222 4 13085721 1097
paiceHusk 259 0.787212 4 13085721 1097
paiceHusk 260 0.000000 4 13085721 1097
paiceHusk 261 0.000000 4 13085721 1097
paiceHusk 262 0.324882 4 13085721 1097
paiceHusk 263 0.231450 4 13085721 1097
paiceHusk 264 0.000000 4 13085721 1097
paiceHusk 265 0.000000 4 13085721 1097
paiceHusk 266 0.866351 4 13085721 1097
paiceHusk 267 0.000000 4 13085721 1097
paiceHusk 268 0.000000 4 13085721 1097
paiceHusk 269 0.000000 4 13085721 1097
paiceHusk 270 0.279024 4 13085721 1097
paiceHusk 271 0.000000 4 13085721 1097
paiceHusk 272 0.000000 4 13085721 1097
paiceHusk 273 0.000000 4 13085721 1097
paiceHusk 274 0.000000 4 13085721 1097
paiceHusk 275 0.000000 4 13085721 1097
paiceHusk 276 0.000000 4 13085721 1097
paiceHusk 277 0.000000 4 13085721 1097
paiceHusk 278 0.000000 4 13085721 1097
paiceHusk 279 0.338738 4 13085721 1097
paiceHusk 280 0.000000 4 13085721 1097
paiceHusk 281 0.108300 4 13085721 1097
paiceHusk 282 0.195598 4 13085721 1097
paiceHusk 283 0.854740 4 13085721 1097
paiceHusk 284 0.559399 4 13085721 1097
paiceHusk 285 0.433175 4 13085721 1097
paiceHusk 286 0.000000 4 13085721 1097
paiceHusk 287 0.000000 4 13085721 1097
paiceHusk 288 0.164363 4 13085721 1097
paiceHusk 289 0.000000 4 13085721 1097
paiceHusk 290 0.000000 4 13085721 1097
paiceHusk 291 0.064611 4 13085721 1097
paiceHusk 292 0.649763 4 13085721 1097
paiceHusk 293 0.649763 4 13085721 1097
paiceHusk 294 0.098728 4 13085721 1097
paiceHusk 295 0.882163 4 13085721 1097
paiceHusk 296 0.000000 4 13085721 1097
paiceHusk 297 0.174033 4 13085721 1097
paiceHusk 298 0.000000 4 13085721 1097
paiceHusk 299 0.223738 4 13085721 1097
paiceHusk 300 0.000000 4 13085721 1097
paiceHusk amean 0.195241 4 13085721 1097
krovetz 251 0.000000 4 13085721 1097
krovetz 252 0.854740 4 13085721 1097
krovetz 253 0.164109 4 13085721 1097
krovetz 254 0.167282 4 13085721 1097
krovetz 255 0.000000 4 13085721 1097
krovetz 256 0.812204 4 13085721 1097
krovetz 257 0.334356 4 13085721 1097
krovetz 258 0.000000 4 13085721 1097
krovetz 259 0.809117 4 13085721 1097
krovetz 260 0.130325 4 13085721 1097
krovetz 261 0.000000 4 13085721 1097
krovetz 262 0.324882 4 13085721 1097
krovetz 263 0.279838 4 13085721 1097
krovetz 264 0.000000 4 13085721 1097
krovetz 265 0.000000 4 13085721 1097
krovetz 266 0.866351 4 13085721 1097
krovetz 267 0.000000 4 13085721 1097
krovetz 268 0.000000 4 13085721 1097
krovetz 269 0.000000 4 13085721 1097
krovetz 270 0.279024 4 13085721 1097
krovetz 271 0.000000 4 13085721 1097
krovetz 272 0.000000 4 13085721 1097
krovetz 273 0.000000 4 13085721 1097
krovetz 274 0.000000 4 13085721 1097
krovetz 275 0.000000 4 13085721 1097
krovetz 276 0.000000 4 13085721 1097
krovetz 277 0.000000 4 13085721 1097
krovetz 278 0.000000 4 13085721 1097
krovetz 279 0.340869 4 13085721 1097
krovetz 280 0.000000 4 13085721 1097
krovetz 281 0.108300 4 13085721 1097
krovetz 282 0.216588 4 13085721 1097
krovetz 283 0.854740 4 13085721 1097
krovetz 284 0.373750 4 13085721 1097
krovetz 285 0.433175 4 13085721 1097
krovetz 286 0.000000 4 13085721 1097
krovetz 287 0.000000 4 13085721 1097
krovetz 288 0.164363 4 13085721 1097
krovetz 289 0.000000 4 13085721 1097
krovetz 290 0.000000 4 13085721 1097
krovetz 291 0.068271 4 13085721 1097
krovetz 292 0.649763 4 13085721 1097
krovetz 293 0.279838 4 13085721 1097
krovetz 294 0.098728 4 13085721 1097
krovetz 295 0.935961 4 13085721 1097
krovetz 296 0.000000 4 13085721 1097
krovetz 297 0.174033 4 13085721 1097
krovetz 298 0.000000 4 13085721 1097
krovetz 299 0.223738 4 13085721 1097
krovetz 300 0.000000 4 13085721 1097
krovetz amean 0.198887 4 13085721 1097
sStripping 251 0.000000 4 13085721 1097
sStripping 252 0.854740 4 13085721 1097
sStripping 253 0.164109 4 13085721 1097
sStripping 254 0.167282 4 13085721 1097
sStripping 255 0.000000 4 13085721 1097
sStripping 256 0.649763 4 13085721 1097
sStripping 257 0.334356 4 13085721 1097
sStripping 258 0.057222 4 13085721 1097
sStripping 259 0.787212 4 13085721 1097
sStripping 260 0.130325 4 13085721 1097
sStripping 261 0.000000 4 13085721 1097
sStripping 262 0.204977 4 13085721 1097
sStripping 263 0.279838 4 13085721 1097
sStripping 264 0.000000 4 13085721 1097
sStripping 265 0.000000 4 13085721 1097
sStripping 266 0.866351 4 13085721 1097
sStripping 267 0.000000 4 13085721 1097
sStripping 268 0.000000 4 13085721 1097
sStripping 269 0.000000 4 13085721 1097
sStripping 270 0.279024 4 13085721 1097
sStripping 271 0.000000 4 13085721 1097
sStripping 272 0.000000 4 13085721 1097
sStripping 273 0.000000 4 13085721 1097
sStripping 274 0.000000 4 13085721 1097
sStripping 275 0.000000 4 13085721 1097
sStripping 276 0.187824 4 13085721 1097
sStripping 277 0.000000 4 13085721 1097
sStripping 278 0.000000 4 13085721 1097
sStripping 279 0.340869 4 13085721 1097
sStripping 280 0.187824 4 13085721 1097
sStripping 281 0.108300 4 13085721 1097
sStripping 282 0.195598 4 13085721 1097
sStripping 283 0.854740 4 13085721 1097
sStripping 284 0.805013 4 13085721 1097
sStripping 285 0.433175 4 13085721 1097
sStripping 286 0.000000 4 13085721 1097
sStripping 287 0.000000 4 13085721 1097
sStripping 288 0.164363 4 13085721 1097
sStripping 289 0.000000 4 13085721 1097
sStripping 290 0.000000 4 13085721 1097
sStripping 291 0.068271 4 13085721 1097
sStripping 292 0.649763 4 13085721 1097
sStripping 293 0.000000 4 13085721 1097
sStripping 294 0.186870 4 13085721 1097
sStripping 295 0.924700 4 13085721 1097
sStripping 296 0.000000 4 13085721 1097
sStripping 297 0.210417 4 13085721 1097
sStripping 298 0.000000 4 13085721 1097
sStripping 299 0.223738 4 13085721 1097
sStripping 300 0.000000 4 13085721 1097
sStripping amean 0.206333 4 13085721 1097
porter2 251 0.000000 4 13085721 1097
porter2 252 0.854740 4 13085721 1097
porter2 253 0.164109 4 13085721 1097
porter2 254 0.221335 4 13085721 1097
porter2 255 0.000000 4 13085721 1097
porter2 256 0.812204 4 13085721 1097
porter2 257 0.334356 4 13085721 1097
porter2 258 0.000000 4 13085721 1097
porter2 259 0.809117 4 13085721 1097
porter2 260 0.130325 4 13085721 1097
porter2 261 0.000000 4 13085721 1097
porter2 262 0.324882 4 13085721 1097
porter2 263 0.279838 4 13085721 1097
porter2 264 0.000000 4 13085721 1097
porter2 265 0.000000 4 13085721 1097
porter2 266 0.866351 4 13085721 1097
porter2 267 0.000000 4 13085721 1097
porter2 268 0.000000 4 13085721 1097
porter2 269 0.000000 4 13085721 1097
porter2 270 0.279024 4 13085721 1097
porter2 271 0.000000 4 13085721 1097
porter2 272 0.000000 4 13085721 1097
porter2 273 0.643147 4 13085721 1097
porter2 274 0.000000 4 13085721 1097
porter2 275 0.000000 4 13085721 1097
porter2 276 0.000000 4 13085721 1097
porter2 277 0.000000 4 13085721 1097
porter2 278 0.000000 4 13085721 1097
porter2 279 0.338738 4 13085721 1097
porter2 280 0.216588 4 13085721 1097
porter2 281 0.108300 4 13085721 1097
porter2 282 0.195598 4 13085721 1097
porter2 283 0.854740 4 13085721 1097
porter2 284 0.799208 4 13085721 1097
porter2 285 0.433175 4 13085721 1097
porter2 286 0.000000 4 13085721 1097
porter2 287 0.000000 4 13085721 1097
porter2 288 0.164363 4 13085721 1097
porter2 289 0.000000 4 13085721 1097
porter2 290 0.000000 4 13085721 1097
porter2 291 0.064611 4 13085721 1097
porter2 292 0.649763 4 13085721 1097
porter2 293 0.649763 4 13085721 1097
porter2 294 0.105502 4 13085721 1097
porter2 295 0.924700 4 13085721 1097
porter2 296 0.000000 4 13085721 1097
porter2 297 0.174033 4 13085721 1097
porter2 298 0.000000 4 13085721 1097
porter2 299 0.223738 4 13085721 1097
porter2 300 0.000000 4 13085721 1097
porter2 amean 0.232445 4 13085721 1097
lovins 251 0.000000 4 13085721 1097
lovins 252 0.854740 4 13085721 1097
lovins 253 0.164109 4 13085721 1097
lovins 254 0.221335 4 13085721 1097
lovins 255 0.000000 4 13085721 1097
lovins 256 0.775444 4 13085721 1097
lovins 257 0.334356 4 13085721 1097
lovins 258 0.000000 4 13085721 1097
lovins 259 0.712284 4 13085721 1097
lovins 260 0.130325 4 13085721 1097
lovins 261 0.000000 4 13085721 1097
lovins 262 0.409955 4 13085721 1097
lovins 263 0.251363 4 13085721 1097
lovins 264 0.000000 4 13085721 1097
lovins 265 0.000000 4 13085721 1097
lovins 266 0.866351 4 13085721 1097
lovins 267 0.000000 4 13085721 1097
lovins 268 0.000000 4 13085721 1097
lovins 269 0.000000 4 13085721 1097
lovins 270 0.279024 4 13085721 1097
lovins 271 0.000000 4 13085721 1097
lovins 272 0.000000 4 13085721 1097
lovins 273 0.643147 4 13085721 1097
lovins 274 0.000000 4 13085721 1097
lovins 275 0.000000 4 13085721 1097
lovins 276 0.000000 4 13085721 1097
lovins 277 0.000000 4 13085721 1097
lovins 278 0.000000 4 13085721 1097
lovins 279 0.340869 4 13085721 1097
lovins 280 0.204977 4 13085721 1097
lovins 281 0.108300 4 13085721 1097
lovins 282 0.187824 4 13085721 1097
lovins 283 0.854740 4 13085721 1097
lovins 284 0.819635 4 13085721 1097
lovins 285 0.433175 4 13085721 1097
lovins 286 0.000000 4 13085721 1097
lovins 287 0.000000 4 13085721 1097
lovins 288 0.164363 4 13085721 1097
lovins 289 0.000000 4 13085721 1097
lovins 290 0.000000 4 13085721 1097
lovins 291 0.064611 4 13085721 1097
lovins 292 0.649763 4 13085721 1097
lovins 293 0.649763 4 13085721 1097
lovins 294 0.105502 4 13085721 1097
lovins 295 0.924700 4 13085721 1097
lovins 296 0.000000 4 13085721 1097
lovins 297 0.174033 4 13085721 1097
lovins 298 0.195598 4 13085721 1097
lovins 299 0.223738 4 13085721 1097
lovins 300 0.000000 4 13085721 1097
lovins amean 0.234881 4 13085721 1097
wikt 251 0.000000 4 13085721 1097
wikt 252 0.854740 4 13085721 1097
wikt 253 0.164109 4 13085721 1097
wikt 254 0.132003 4 13085721 1097
wikt 255 0.000000 4 13085721 1097
wikt 256 0.789682 4 13085721 1097
wikt 257 0.334356 4 13085721 1097
wikt 258 0.000000 4 13085721 1097
wikt 259 0.809117 4 13085721 1097
wikt 260 0.082226 4 13085721 1097
wikt 261 0.000000 4 13085721 1097
wikt 262 0.324882 4 13085721 1097
wikt 263 0.231450 4 13085721 1097
wikt 264 0.000000 4 13085721 1097
wikt 265 0.000000 4 13085721 1097
wikt 266 0.870066 4 13085721 1097
wikt 267 0.000000 4 13085721 1097
wikt 268 0.000000 4 13085721 1097
wikt 269 0.000000 4 13085721 1097
wikt 270 0.279024 4 13085721 1097
wikt 271 0.000000 4 13085721 1097
wikt 272 0.000000 4 13085721 1097
wikt 273 0.000000 4 13085721 1097
wikt 274 0.000000 4 13085721 1097
wikt 275 0.000000 4 13085721 1097
wikt 276 0.000000 4 13085721 1097
wikt 277 0.000000 4 13085721 1097
wikt 278 0.000000 4 13085721 1097
wikt 279 0.352483 4 13085721 1097
wikt 280 0.000000 4 13085721 1097
wikt 281 0.108300 4 13085721 1097
wikt 282 0.216588 4 13085721 1097
wikt 283 0.854740 4 13085721 1097
wikt 284 0.279838 4 13085721 1097
wikt 285 0.433175 4 13085721 1097
wikt 286 0.000000 4 13085721 1097
wikt 287 0.000000 4 13085721 1097
wikt 288 0.164363 4 13085721 1097
wikt 289 0.000000 4 13085721 1097
wikt 290 0.000000 4 13085721 1097
wikt 291 0.072956 4 13085721 1097
wikt 292 0.649763 4 13085721 1097
wikt 293 0.649763 4 13085721 1097
wikt 294 0.098728 4 13085721 1097
wikt 295 0.935961 4 13085721 1097
wikt 296 0.000000 4 13085721 1097
wikt 297 0.174033 4 13085721 1097
wikt 298 0.000000 4 13085721 1097
wikt 299 0.223738 4 13085721 1097
wikt 300 0.000000 4 13085721 1097
wikt amean 0.201722 4 13085721 1097
none 251 0.000000 4 13085721 1097
none 252 0.854740 4 13085721 1097
none 253 0.164109 4 13085721 1097
none 254 0.167282 4 13085721 1097
none 255 0.000000 4 13085721 1097
none 256 0.649763 4 13085721 1097
none 257 0.334356 4 13085721 1097
none 258 0.000000 4 13085721 1097
none 259 0.787212 4 13085721 1097
none 260 0.130325 4 13085721 1097
none 261 0.000000 4 13085721 1097
none 262 0.204977 4 13085721 1097
none 263 0.324882 4 13085721 1097
none 264 0.000000 4 13085721 1097
none 265 0.000000 4 13085721 1097
none 266 0.875044 4 13085721 1097
none 267 0.000000 4 13085721 1097
none 268 0.000000 4 13085721 1097
none 269 0.000000 4 13085721 1097
none 270 0.289142 4 13085721 1097
none 271 0.000000 4 13085721 1097
none 272 0.000000 4 13085721 1097
none 273 0.000000 4 13085721 1097
none 274 0.000000 4 13085721 1097
none 275 0.000000 4 13085721 1097
none 276 0.000000 4 13085721 1097
none 277 0.000000 4 13085721 1097
none 278 0.000000 4 13085721 1097
none 279 0.278385 4 13085721 1097
none 280 0.000000 4 13085721 1097
none 281 0.097805 4 13085721 1097
none 282 0.000000 4 13085721 1097
none 283 0.854740 4 13085721 1097
none 284 0.765488 4 13085721 1097
none 285 0.000000 4 13085721 1097
none 286 0.000000 4 13085721 1097
none 287 0.000000 4 13085721 1097
none 288 0.164363 4 13085721 1097
none 289 0.000000 4 13085721 1097
none 290 0.000000 4 13085721 1097
none 291 0.072956 4 13085721 1097
none 292 0.649763 4 13085721 1097
none 293 0.000000 4 13085721 1097
none 294 0.340762 4 13085721 1097
none 295 0.924700 4 13085721 1097
none 296 0.000000 4 13085721 1097
none 297 0.210417 4 13085721 1097
none 298 0.000000 4 13085721 1097
none 299 0.218553 4 13085721 1097
none 300 0.000000 4 13085721 1097
none amean 0.187195 4 13085721 1097
