nERR-IA@10
0.211086
0.000000
0.721433
0.972432
0.000000
0.201523
0.101771
0.478868
0.193422
0.288353
0.992346
0.000000
0.381859
0.914567
0.051769
0.644034
0.958153
0.247993
0.000000
0.000000
0.938829
0.702475
0.220438
0.000000
0.481715
0.194813
0.807318
0.841672
0.892774
0.757505
0.500995
0.841672
0.017993
0.185368
0.000000
0.861712
0.036095
0.000000
0.472940
0.240478
0.931851
0.421005
0.591532
0.814111
0.033386
0.000000
0.000000
0.000000
0.214453
0.000000
0.387215
nERR-IA@10
0.211086
0.000000
0.000000
0.972432
0.180358
0.191953
0.101771
0.478868
0.232107
0.311682
0.992346
0.000000
0.378571
0.913493
0.051769
0.644034
0.450896
0.255508
0.000000
0.000000
0.904153
0.703076
0.258514
0.000000
0.476422
0.194813
0.823636
0.412248
0.892774
0.721433
0.470936
0.841672
0.017993
0.185368
0.000000
0.859708
0.036095
0.000000
0.472940
0.165328
0.946881
0.421005
0.591532
0.814111
0.033386
0.000000
0.000000
0.000000
0.214453
0.000000
0.356507
nERR-IA@10
0.211086
0.000000
0.360717
0.912062
0.120239
0.302233
0.077540
0.478868
0.232107
0.289077
0.993152
0.000000
0.356026
0.911239
0.069026
0.602905
0.450896
0.255508
0.000000
0.000000
0.889123
0.707951
0.258514
0.000000
0.489126
0.210706
0.847684
0.450896
0.892774
0.721433
0.476661
0.841672
0.017993
0.209416
0.000000
0.861712
0.036095
0.000000
0.381758
0.240478
0.961911
0.421005
0.341269
0.814111
0.033386
0.000000
0.000000
0.000000
0.214453
0.000000
0.358856
nERR-IA@10
0.211086
0.000000
0.721433
0.974686
0.180358
0.198394
0.077540
0.478868
0.232107
0.308639
0.993152
0.000000
0.378571
0.913744
0.051769
0.644034
0.541075
0.255508
0.000000
0.000000
0.544564
0.702475
0.258514
0.000000
0.476422
0.194813
0.807318
0.450896
0.892774
0.721433
0.470936
0.841672
0.019992
0.218434
0.000000
0.859708
0.036095
0.000000
0.498240
0.148151
0.946881
0.421005
0.341269
0.814111
0.033386
0.000000
0.000000
0.000000
0.214453
0.000000
0.361490
nERR-IA@10
0.140279
0.000000
0.360717
0.000000
0.120239
0.166617
0.038770
0.478868
0.232107
0.310378
0.993152
0.000000
0.378571
0.911239
0.051769
0.615584
0.958153
0.210418
0.000000
0.000000
0.905281
0.694799
0.220438
0.000000
0.489126
0.259409
0.847684
0.000000
0.899215
0.721433
0.470936
0.841672
0.017993
0.202402
0.018756
0.811612
0.028876
0.000000
0.472940
0.144287
0.961911
0.421005
0.341269
0.814111
0.040063
0.000000
0.000000
0.000000
0.076067
0.000000
0.333363
nERR-IA@10
0.211086
0.000000
0.721433
0.909807
0.000000
0.793495
0.046524
0.478868
0.232107
0.289077
0.993152
0.200874
0.356026
0.908233
0.069026
0.602905
0.480955
0.243484
0.000000
0.000000
0.883004
0.707951
0.189376
0.000000
0.481715
0.210706
0.847684
0.120239
0.892774
0.757505
0.506721
0.841672
0.000000
0.218362
0.020841
0.864217
0.048127
0.000000
0.381758
0.405806
0.931851
0.421005
0.295766
0.814111
0.033386
0.000000
0.000000
0.090179
0.219952
0.000000
0.374435
nERR-IA@10
0.211086
0.000000
0.721433
0.909807
0.000000
0.793495
0.046524
0.478868
0.232107
0.289077
0.993152
0.200874
0.356026
0.908233
0.069026
0.602905
0.480955
0.243484
0.000000
0.000000
0.883004
0.707951
0.189376
0.000000
0.481715
0.210706
0.847684
0.120239
0.892774
0.757505
0.506721
0.811612
0.000000
0.218362
0.020841
0.864217
0.048127
0.000000
0.381758
0.405806
0.931851
0.421005
0.295766
0.814111
0.033386
0.000000
0.000000
0.090179
0.219952
0.000000
0.373834
