stemmer qid ndcg n collectionSize
paiceHusk 251 0.000000 128 408928
paiceHusk 252 0.000000 128 408928
paiceHusk 253 0.000000 128 408928
paiceHusk 254 0.000000 128 408928
paiceHusk 255 0.000000 128 408928
paiceHusk 256 0.324882 128 408928
paiceHusk 257 0.000000 128 408928
paiceHusk 258 0.000000 128 408928
paiceHusk 259 0.000000 128 408928
paiceHusk 260 0.000000 128 408928
paiceHusk 261 0.000000 128 408928
paiceHusk 262 0.000000 128 408928
paiceHusk 263 0.000000 128 408928
paiceHusk 264 0.000000 128 408928
paiceHusk 265 0.000000 128 408928
paiceHusk 266 0.000000 128 408928
paiceHusk 267 0.000000 128 408928
paiceHusk 268 0.000000 128 408928
paiceHusk 269 0.000000 128 408928
paiceHusk 270 0.000000 128 408928
paiceHusk 271 0.000000 128 408928
paiceHusk 272 0.277654 128 408928
paiceHusk 273 0.000000 128 408928
paiceHusk 274 0.000000 128 408928
paiceHusk 275 0.000000 128 408928
paiceHusk 276 0.000000 128 408928
paiceHusk 277 0.000000 128 408928
paiceHusk 278 0.000000 128 408928
paiceHusk 279 0.000000 128 408928
paiceHusk 280 0.000000 128 408928
paiceHusk 281 0.000000 128 408928
paiceHusk 282 0.000000 128 408928
paiceHusk 283 0.000000 128 408928
paiceHusk 284 0.000000 128 408928
paiceHusk 285 0.000000 128 408928
paiceHusk 286 0.000000 128 408928
paiceHusk 287 0.000000 128 408928
paiceHusk 288 0.000000 128 408928
paiceHusk 289 0.000000 128 408928
paiceHusk 290 0.000000 128 408928
paiceHusk 291 0.000000 128 408928
paiceHusk 292 0.000000 128 408928
paiceHusk 293 0.000000 128 408928
paiceHusk 294 0.000000 128 408928
paiceHusk 295 0.000000 128 408928
paiceHusk 296 0.000000 128 408928
paiceHusk 297 0.000000 128 408928
paiceHusk 298 0.000000 128 408928
paiceHusk 299 0.000000 128 408928
paiceHusk 300 0.000000 128 408928
paiceHusk amean 0.012051 128 408928
krovetz 251 0.000000 128 408928
krovetz 252 0.000000 128 408928
krovetz 253 0.000000 128 408928
krovetz 254 0.000000 128 408928
krovetz 255 0.000000 128 408928
krovetz 256 0.649763 128 408928
krovetz 257 0.000000 128 408928
krovetz 258 0.000000 128 408928
krovetz 259 0.000000 128 408928
krovetz 260 0.000000 128 408928
krovetz 261 0.000000 128 408928
krovetz 262 0.000000 128 408928
krovetz 263 0.000000 128 408928
krovetz 264 0.000000 128 408928
krovetz 265 0.000000 128 408928
krovetz 266 0.000000 128 408928
krovetz 267 0.000000 128 408928
krovetz 268 0.000000 128 408928
krovetz 269 0.000000 128 408928
krovetz 270 0.000000 128 408928
krovetz 271 0.000000 128 408928
krovetz 272 0.277654 128 408928
krovetz 273 0.000000 128 408928
krovetz 274 0.000000 128 408928
krovetz 275 0.000000 128 408928
krovetz 276 0.000000 128 408928
krovetz 277 0.000000 128 408928
krovetz 278 0.000000 128 408928
krovetz 279 0.000000 128 408928
krovetz 280 0.000000 128 408928
krovetz 281 0.000000 128 408928
krovetz 282 0.000000 128 408928
krovetz 283 0.000000 128 408928
krovetz 284 0.000000 128 408928
krovetz 285 0.000000 128 408928
krovetz 286 0.000000 128 408928
krovetz 287 0.000000 128 408928
krovetz 288 0.000000 128 408928
krovetz 289 0.000000 128 408928
krovetz 290 0.000000 128 408928
krovetz 291 0.000000 128 408928
krovetz 292 0.000000 128 408928
krovetz 293 0.000000 128 408928
krovetz 294 0.000000 128 408928
krovetz 295 0.000000 128 408928
krovetz 296 0.000000 128 408928
krovetz 297 0.000000 128 408928
krovetz 298 0.000000 128 408928
krovetz 299 0.000000 128 408928
krovetz 300 0.000000 128 408928
krovetz amean 0.018548 128 408928
sStripping 251 0.000000 128 408928
sStripping 252 0.000000 128 408928
sStripping 253 0.000000 128 408928
sStripping 254 0.000000 128 408928
sStripping 255 0.000000 128 408928
sStripping 256 0.649763 128 408928
sStripping 257 0.000000 128 408928
sStripping 258 0.000000 128 408928
sStripping 259 0.000000 128 408928
sStripping 260 0.000000 128 408928
sStripping 261 0.000000 128 408928
sStripping 262 0.000000 128 408928
sStripping 263 0.000000 128 408928
sStripping 264 0.000000 128 408928
sStripping 265 0.000000 128 408928
sStripping 266 0.000000 128 408928
sStripping 267 0.000000 128 408928
sStripping 268 0.000000 128 408928
sStripping 269 0.000000 128 408928
sStripping 270 0.000000 128 408928
sStripping 271 0.000000 128 408928
sStripping 272 0.277654 128 408928
sStripping 273 0.000000 128 408928
sStripping 274 0.000000 128 408928
sStripping 275 0.000000 128 408928
sStripping 276 0.000000 128 408928
sStripping 277 0.000000 128 408928
sStripping 278 0.000000 128 408928
sStripping 279 0.000000 128 408928
sStripping 280 0.000000 128 408928
sStripping 281 0.000000 128 408928
sStripping 282 0.000000 128 408928
sStripping 283 0.000000 128 408928
sStripping 284 0.000000 128 408928
sStripping 285 0.000000 128 408928
sStripping 286 0.000000 128 408928
sStripping 287 0.000000 128 408928
sStripping 288 0.000000 128 408928
sStripping 289 0.000000 128 408928
sStripping 290 0.000000 128 408928
sStripping 291 0.000000 128 408928
sStripping 292 0.000000 128 408928
sStripping 293 0.000000 128 408928
sStripping 294 0.000000 128 408928
sStripping 295 0.000000 128 408928
sStripping 296 0.000000 128 408928
sStripping 297 0.000000 128 408928
sStripping 298 0.000000 128 408928
sStripping 299 0.000000 128 408928
sStripping 300 0.000000 128 408928
sStripping amean 0.018548 128 408928
porter2 251 0.000000 128 408928
porter2 252 0.000000 128 408928
porter2 253 0.000000 128 408928
porter2 254 0.000000 128 408928
porter2 255 0.000000 128 408928
porter2 256 0.649763 128 408928
porter2 257 0.000000 128 408928
porter2 258 0.000000 128 408928
porter2 259 0.000000 128 408928
porter2 260 0.000000 128 408928
porter2 261 0.000000 128 408928
porter2 262 0.000000 128 408928
porter2 263 0.000000 128 408928
porter2 264 0.000000 128 408928
porter2 265 0.000000 128 408928
porter2 266 0.000000 128 408928
porter2 267 0.000000 128 408928
porter2 268 0.000000 128 408928
porter2 269 0.000000 128 408928
porter2 270 0.000000 128 408928
porter2 271 0.000000 128 408928
porter2 272 0.277654 128 408928
porter2 273 0.436565 128 408928
porter2 274 0.000000 128 408928
porter2 275 0.000000 128 408928
porter2 276 0.000000 128 408928
porter2 277 0.000000 128 408928
porter2 278 0.000000 128 408928
porter2 279 0.000000 128 408928
porter2 280 0.000000 128 408928
porter2 281 0.000000 128 408928
porter2 282 0.000000 128 408928
porter2 283 0.000000 128 408928
porter2 284 0.000000 128 408928
porter2 285 0.000000 128 408928
porter2 286 0.000000 128 408928
porter2 287 0.000000 128 408928
porter2 288 0.000000 128 408928
porter2 289 0.000000 128 408928
porter2 290 0.000000 128 408928
porter2 291 0.000000 128 408928
porter2 292 0.000000 128 408928
porter2 293 0.000000 128 408928
porter2 294 0.000000 128 408928
porter2 295 0.000000 128 408928
porter2 296 0.000000 128 408928
porter2 297 0.000000 128 408928
porter2 298 0.000000 128 408928
porter2 299 0.000000 128 408928
porter2 300 0.000000 128 408928
porter2 amean 0.027280 128 408928
lovins 251 0.000000 128 408928
lovins 252 0.000000 128 408928
lovins 253 0.000000 128 408928
lovins 254 0.000000 128 408928
lovins 255 0.000000 128 408928
lovins 256 0.649763 128 408928
lovins 257 0.000000 128 408928
lovins 258 0.000000 128 408928
lovins 259 0.000000 128 408928
lovins 260 0.000000 128 408928
lovins 261 0.000000 128 408928
lovins 262 0.000000 128 408928
lovins 263 0.000000 128 408928
lovins 264 0.000000 128 408928
lovins 265 0.000000 128 408928
lovins 266 0.000000 128 408928
lovins 267 0.000000 128 408928
lovins 268 0.000000 128 408928
lovins 269 0.000000 128 408928
lovins 270 0.000000 128 408928
lovins 271 0.000000 128 408928
lovins 272 0.277654 128 408928
lovins 273 0.436565 128 408928
lovins 274 0.000000 128 408928
lovins 275 0.000000 128 408928
lovins 276 0.000000 128 408928
lovins 277 0.000000 128 408928
lovins 278 0.000000 128 408928
lovins 279 0.000000 128 408928
lovins 280 0.000000 128 408928
lovins 281 0.000000 128 408928
lovins 282 0.000000 128 408928
lovins 283 0.000000 128 408928
lovins 284 0.000000 128 408928
lovins 285 0.000000 128 408928
lovins 286 0.000000 128 408928
lovins 287 0.000000 128 408928
lovins 288 0.000000 128 408928
lovins 289 0.000000 128 408928
lovins 290 0.000000 128 408928
lovins 291 0.000000 128 408928
lovins 292 0.000000 128 408928
lovins 293 0.000000 128 408928
lovins 294 0.000000 128 408928
lovins 295 0.000000 128 408928
lovins 296 0.000000 128 408928
lovins 297 0.000000 128 408928
lovins 298 0.000000 128 408928
lovins 299 0.000000 128 408928
lovins 300 0.000000 128 408928
lovins amean 0.027280 128 408928
wikt 251 0.000000 128 408928
wikt 252 0.000000 128 408928
wikt 253 0.000000 128 408928
wikt 254 0.000000 128 408928
wikt 255 0.000000 128 408928
wikt 256 0.649763 128 408928
wikt 257 0.000000 128 408928
wikt 258 0.000000 128 408928
wikt 259 0.000000 128 408928
wikt 260 0.000000 128 408928
wikt 261 0.000000 128 408928
wikt 262 0.000000 128 408928
wikt 263 0.000000 128 408928
wikt 264 0.000000 128 408928
wikt 265 0.000000 128 408928
wikt 266 0.000000 128 408928
wikt 267 0.000000 128 408928
wikt 268 0.000000 128 408928
wikt 269 0.000000 128 408928
wikt 270 0.000000 128 408928
wikt 271 0.000000 128 408928
wikt 272 0.277654 128 408928
wikt 273 0.000000 128 408928
wikt 274 0.000000 128 408928
wikt 275 0.000000 128 408928
wikt 276 0.000000 128 408928
wikt 277 0.000000 128 408928
wikt 278 0.000000 128 408928
wikt 279 0.000000 128 408928
wikt 280 0.000000 128 408928
wikt 281 0.000000 128 408928
wikt 282 0.000000 128 408928
wikt 283 0.000000 128 408928
wikt 284 0.000000 128 408928
wikt 285 0.000000 128 408928
wikt 286 0.000000 128 408928
wikt 287 0.000000 128 408928
wikt 288 0.000000 128 408928
wikt 289 0.000000 128 408928
wikt 290 0.000000 128 408928
wikt 291 0.000000 128 408928
wikt 292 0.000000 128 408928
wikt 293 0.000000 128 408928
wikt 294 0.000000 128 408928
wikt 295 0.000000 128 408928
wikt 296 0.000000 128 408928
wikt 297 0.000000 128 408928
wikt 298 0.000000 128 408928
wikt 299 0.000000 128 408928
wikt 300 0.000000 128 408928
wikt amean 0.018548 128 408928
none 251 0.000000 128 408928
none 252 0.000000 128 408928
none 253 0.000000 128 408928
none 254 0.000000 128 408928
none 255 0.000000 128 408928
none 256 0.649763 128 408928
none 257 0.000000 128 408928
none 258 0.000000 128 408928
none 259 0.000000 128 408928
none 260 0.000000 128 408928
none 261 0.000000 128 408928
none 262 0.000000 128 408928
none 263 0.000000 128 408928
none 264 0.000000 128 408928
none 265 0.000000 128 408928
none 266 0.000000 128 408928
none 267 0.000000 128 408928
none 268 0.000000 128 408928
none 269 0.000000 128 408928
none 270 0.000000 128 408928
none 271 0.000000 128 408928
none 272 0.277654 128 408928
none 273 0.000000 128 408928
none 274 0.000000 128 408928
none 275 0.000000 128 408928
none 276 0.000000 128 408928
none 277 0.000000 128 408928
none 278 0.000000 128 408928
none 279 0.000000 128 408928
none 280 0.000000 128 408928
none 281 0.000000 128 408928
none 282 0.000000 128 408928
none 283 0.000000 128 408928
none 284 0.000000 128 408928
none 285 0.000000 128 408928
none 286 0.000000 128 408928
none 287 0.000000 128 408928
none 288 0.000000 128 408928
none 289 0.000000 128 408928
none 290 0.000000 128 408928
none 291 0.000000 128 408928
none 292 0.000000 128 408928
none 293 0.000000 128 408928
none 294 0.000000 128 408928
none 295 0.000000 128 408928
none 296 0.000000 128 408928
none 297 0.000000 128 408928
none 298 0.000000 128 408928
none 299 0.000000 128 408928
none 300 0.000000 128 408928
none amean 0.018548 128 408928
