stemmer qid ndcg n collectionSize
paiceHusk 251 0.000000 4 13085721
paiceHusk 252 0.775444 4 13085721
paiceHusk 253 0.164109 4 13085721
paiceHusk 254 0.116174 4 13085721
paiceHusk 255 0.000000 4 13085721
paiceHusk 256 0.251363 4 13085721
paiceHusk 257 0.334356 4 13085721
paiceHusk 258 0.000000 4 13085721
paiceHusk 259 0.781854 4 13085721
paiceHusk 260 0.000000 4 13085721
paiceHusk 261 0.000000 4 13085721
paiceHusk 262 0.789682 4 13085721
paiceHusk 263 0.000000 4 13085721
paiceHusk 264 0.000000 4 13085721
paiceHusk 265 0.000000 4 13085721
paiceHusk 266 0.917581 4 13085721
paiceHusk 267 0.000000 4 13085721
paiceHusk 268 0.000000 4 13085721
paiceHusk 269 0.000000 4 13085721
paiceHusk 270 0.289625 4 13085721
paiceHusk 271 0.000000 4 13085721
paiceHusk 272 0.119579 4 13085721
paiceHusk 273 0.000000 4 13085721
paiceHusk 274 0.000000 4 13085721
paiceHusk 275 0.000000 4 13085721
paiceHusk 276 0.339744 4 13085721
paiceHusk 277 0.000000 4 13085721
paiceHusk 278 0.000000 4 13085721
paiceHusk 279 0.205533 4 13085721
paiceHusk 280 0.464800 4 13085721
paiceHusk 281 0.000000 4 13085721
paiceHusk 282 0.427370 4 13085721
paiceHusk 283 0.854740 4 13085721
paiceHusk 284 0.851138 4 13085721
paiceHusk 285 0.433175 4 13085721
paiceHusk 286 0.251363 4 13085721
paiceHusk 287 0.000000 4 13085721
paiceHusk 288 0.164363 4 13085721
paiceHusk 289 0.000000 4 13085721
paiceHusk 290 0.000000 4 13085721
paiceHusk 291 0.000000 4 13085721
paiceHusk 292 0.649763 4 13085721
paiceHusk 293 0.409955 4 13085721
paiceHusk 294 0.085616 4 13085721
paiceHusk 295 0.924700 4 13085721
paiceHusk 296 0.649763 4 13085721
paiceHusk 297 0.210417 4 13085721
paiceHusk 298 0.000000 4 13085721
paiceHusk 299 0.262664 4 13085721
paiceHusk 300 0.000000 4 13085721
paiceHusk amean 0.234497 4 13085721
krovetz 251 0.000000 4 13085721
krovetz 252 0.812204 4 13085721
krovetz 253 0.164109 4 13085721
krovetz 254 0.116174 4 13085721
krovetz 255 0.000000 4 13085721
krovetz 256 0.789682 4 13085721
krovetz 257 0.334356 4 13085721
krovetz 258 0.000000 4 13085721
krovetz 259 0.809117 4 13085721
krovetz 260 0.377004 4 13085721
krovetz 261 0.000000 4 13085721
krovetz 262 0.549874 4 13085721
krovetz 263 0.000000 4 13085721
krovetz 264 0.000000 4 13085721
krovetz 265 0.000000 4 13085721
krovetz 266 0.917581 4 13085721
krovetz 267 0.000000 4 13085721
krovetz 268 0.000000 4 13085721
krovetz 269 0.000000 4 13085721
krovetz 270 0.289625 4 13085721
krovetz 271 0.000000 4 13085721
krovetz 272 0.175180 4 13085721
krovetz 273 0.000000 4 13085721
krovetz 274 0.000000 4 13085721
krovetz 275 0.000000 4 13085721
krovetz 276 0.572396 4 13085721
krovetz 277 0.000000 4 13085721
krovetz 278 0.000000 4 13085721
krovetz 279 0.205533 4 13085721
krovetz 280 0.405519 4 13085721
krovetz 281 0.000000 4 13085721
krovetz 282 0.422681 4 13085721
krovetz 283 0.854740 4 13085721
krovetz 284 0.938225 4 13085721
krovetz 285 0.433175 4 13085721
krovetz 286 0.231450 4 13085721
krovetz 287 0.000000 4 13085721
krovetz 288 0.164363 4 13085721
krovetz 289 0.000000 4 13085721
krovetz 290 0.000000 4 13085721
krovetz 291 0.000000 4 13085721
krovetz 292 0.649763 4 13085721
krovetz 293 0.649763 4 13085721
krovetz 294 0.000000 4 13085721
krovetz 295 0.935961 4 13085721
krovetz 296 0.649763 4 13085721
krovetz 297 0.210417 4 13085721
krovetz 298 0.000000 4 13085721
krovetz 299 0.262664 4 13085721
krovetz 300 0.000000 4 13085721
krovetz amean 0.258426 4 13085721
sStripping 251 0.000000 4 13085721
sStripping 252 0.854740 4 13085721
sStripping 253 0.164109 4 13085721
sStripping 254 0.116174 4 13085721
sStripping 255 0.000000 4 13085721
sStripping 256 0.854740 4 13085721
sStripping 257 0.334356 4 13085721
sStripping 258 0.000000 4 13085721
sStripping 259 0.781854 4 13085721
sStripping 260 0.377004 4 13085721
sStripping 261 0.000000 4 13085721
sStripping 262 0.324882 4 13085721
sStripping 263 0.000000 4 13085721
sStripping 264 0.000000 4 13085721
sStripping 265 0.000000 4 13085721
sStripping 266 0.917581 4 13085721
sStripping 267 0.000000 4 13085721
sStripping 268 0.000000 4 13085721
sStripping 269 0.000000 4 13085721
sStripping 270 0.289625 4 13085721
sStripping 271 0.000000 4 13085721
sStripping 272 0.175180 4 13085721
sStripping 273 0.000000 4 13085721
sStripping 274 0.000000 4 13085721
sStripping 275 0.000000 4 13085721
sStripping 276 0.649763 4 13085721
sStripping 277 0.000000 4 13085721
sStripping 278 0.000000 4 13085721
sStripping 279 0.205533 4 13085721
sStripping 280 0.349162 4 13085721
sStripping 281 0.000000 4 13085721
sStripping 282 0.440607 4 13085721
sStripping 283 0.854740 4 13085721
sStripping 284 0.805013 4 13085721
sStripping 285 0.433175 4 13085721
sStripping 286 0.195598 4 13085721
sStripping 287 0.000000 4 13085721
sStripping 288 0.164363 4 13085721
sStripping 289 0.000000 4 13085721
sStripping 290 0.000000 4 13085721
sStripping 291 0.000000 4 13085721
sStripping 292 0.649763 4 13085721
sStripping 293 0.000000 4 13085721
sStripping 294 0.179548 4 13085721
sStripping 295 0.935961 4 13085721
sStripping 296 0.649763 4 13085721
sStripping 297 0.244287 4 13085721
sStripping 298 0.000000 4 13085721
sStripping 299 0.262664 4 13085721
sStripping 300 0.000000 4 13085721
sStripping amean 0.244204 4 13085721
porter2 251 0.000000 4 13085721
porter2 252 0.812204 4 13085721
porter2 253 0.164109 4 13085721
porter2 254 0.215077 4 13085721
porter2 255 0.000000 4 13085721
porter2 256 0.789682 4 13085721
porter2 257 0.334356 4 13085721
porter2 258 0.000000 4 13085721
porter2 259 0.809117 4 13085721
porter2 260 0.377004 4 13085721
porter2 261 0.000000 4 13085721
porter2 262 0.549874 4 13085721
porter2 263 0.000000 4 13085721
porter2 264 0.000000 4 13085721
porter2 265 0.000000 4 13085721
porter2 266 0.917581 4 13085721
porter2 267 0.000000 4 13085721
porter2 268 0.000000 4 13085721
porter2 269 0.000000 4 13085721
porter2 270 0.289625 4 13085721
porter2 271 0.000000 4 13085721
porter2 272 0.119579 4 13085721
porter2 273 0.664258 4 13085721
porter2 274 0.000000 4 13085721
porter2 275 0.000000 4 13085721
porter2 276 0.854740 4 13085721
porter2 277 0.000000 4 13085721
porter2 278 0.000000 4 13085721
porter2 279 0.205533 4 13085721
porter2 280 0.373750 4 13085721
porter2 281 0.000000 4 13085721
porter2 282 0.422681 4 13085721
porter2 283 0.854740 4 13085721
porter2 284 0.868279 4 13085721
porter2 285 0.433175 4 13085721
porter2 286 0.251363 4 13085721
porter2 287 0.000000 4 13085721
porter2 288 0.164363 4 13085721
porter2 289 0.000000 4 13085721
porter2 290 0.000000 4 13085721
porter2 291 0.000000 4 13085721
porter2 292 0.649763 4 13085721
porter2 293 0.649763 4 13085721
porter2 294 0.085616 4 13085721
porter2 295 0.935961 4 13085721
porter2 296 0.649763 4 13085721
porter2 297 0.210417 4 13085721
porter2 298 0.572396 4 13085721
porter2 299 0.262664 4 13085721
porter2 300 0.000000 4 13085721
porter2 amean 0.289749 4 13085721
lovins 251 0.000000 4 13085721
lovins 252 0.812204 4 13085721
lovins 253 0.164109 4 13085721
lovins 254 0.215077 4 13085721
lovins 255 0.000000 4 13085721
lovins 256 0.747562 4 13085721
lovins 257 0.334356 4 13085721
lovins 258 0.000000 4 13085721
lovins 259 0.712284 4 13085721
lovins 260 0.377004 4 13085721
lovins 261 0.000000 4 13085721
lovins 262 0.549874 4 13085721
lovins 263 0.000000 4 13085721
lovins 264 0.000000 4 13085721
lovins 265 0.000000 4 13085721
lovins 266 0.917581 4 13085721
lovins 267 0.000000 4 13085721
lovins 268 0.000000 4 13085721
lovins 269 0.000000 4 13085721
lovins 270 0.289625 4 13085721
lovins 271 0.000000 4 13085721
lovins 272 0.119579 4 13085721
lovins 273 0.664258 4 13085721
lovins 274 0.000000 4 13085721
lovins 275 0.000000 4 13085721
lovins 276 0.789682 4 13085721
lovins 277 0.000000 4 13085721
lovins 278 0.000000 4 13085721
lovins 279 0.184619 4 13085721
lovins 280 0.279838 4 13085721
lovins 281 0.000000 4 13085721
lovins 282 0.440607 4 13085721
lovins 283 0.854740 4 13085721
lovins 284 0.824629 4 13085721
lovins 285 0.433175 4 13085721
lovins 286 0.251363 4 13085721
lovins 287 0.000000 4 13085721
lovins 288 0.164363 4 13085721
lovins 289 0.000000 4 13085721
lovins 290 0.000000 4 13085721
lovins 291 0.000000 4 13085721
lovins 292 0.649763 4 13085721
lovins 293 0.649763 4 13085721
lovins 294 0.085616 4 13085721
lovins 295 0.935961 4 13085721
lovins 296 0.649763 4 13085721
lovins 297 0.210417 4 13085721
lovins 298 0.503867 4 13085721
lovins 299 0.262664 4 13085721
lovins 300 0.000000 4 13085721
lovins amean 0.281487 4 13085721
wikt 251 0.000000 4 13085721
wikt 252 0.854740 4 13085721
wikt 253 0.164109 4 13085721
wikt 254 0.116174 4 13085721
wikt 255 0.000000 4 13085721
wikt 256 0.866351 4 13085721
wikt 257 0.334356 4 13085721
wikt 258 0.000000 4 13085721
wikt 259 0.809117 4 13085721
wikt 260 0.302807 4 13085721
wikt 261 0.000000 4 13085721
wikt 262 0.549874 4 13085721
wikt 263 0.000000 4 13085721
wikt 264 0.000000 4 13085721
wikt 265 0.000000 4 13085721
wikt 266 0.917581 4 13085721
wikt 267 0.000000 4 13085721
wikt 268 0.000000 4 13085721
wikt 269 0.000000 4 13085721
wikt 270 0.289625 4 13085721
wikt 271 0.000000 4 13085721
wikt 272 0.059790 4 13085721
wikt 273 0.000000 4 13085721
wikt 274 0.000000 4 13085721
wikt 275 0.000000 4 13085721
wikt 276 0.549874 4 13085721
wikt 277 0.000000 4 13085721
wikt 278 0.000000 4 13085721
wikt 279 0.301100 4 13085721
wikt 280 0.405519 4 13085721
wikt 281 0.000000 4 13085721
wikt 282 0.440607 4 13085721
wikt 283 0.854740 4 13085721
wikt 284 0.600402 4 13085721
wikt 285 0.433175 4 13085721
wikt 286 0.251363 4 13085721
wikt 287 0.000000 4 13085721
wikt 288 0.164363 4 13085721
wikt 289 0.000000 4 13085721
wikt 290 0.000000 4 13085721
wikt 291 0.000000 4 13085721
wikt 292 0.649763 4 13085721
wikt 293 0.649763 4 13085721
wikt 294 0.085616 4 13085721
wikt 295 0.935961 4 13085721
wikt 296 0.649763 4 13085721
wikt 297 0.210417 4 13085721
wikt 298 0.000000 4 13085721
wikt 299 0.262664 4 13085721
wikt 300 0.000000 4 13085721
wikt amean 0.254192 4 13085721
none 251 0.000000 4 13085721
none 252 0.812204 4 13085721
none 253 0.164109 4 13085721
none 254 0.116174 4 13085721
none 255 0.000000 4 13085721
none 256 0.812204 4 13085721
none 257 0.334356 4 13085721
none 258 0.000000 4 13085721
none 259 0.787212 4 13085721
none 260 0.377004 4 13085721
none 261 0.000000 4 13085721
none 262 0.409955 4 13085721
none 263 0.000000 4 13085721
none 264 0.000000 4 13085721
none 265 0.000000 4 13085721
none 266 0.917581 4 13085721
none 267 0.000000 4 13085721
none 268 0.000000 4 13085721
none 269 0.000000 4 13085721
none 270 0.289625 4 13085721
none 271 0.000000 4 13085721
none 272 0.157004 4 13085721
none 273 0.000000 4 13085721
none 274 0.000000 4 13085721
none 275 0.000000 4 13085721
none 276 0.812204 4 13085721
none 277 0.000000 4 13085721
none 278 0.000000 4 13085721
none 279 0.238616 4 13085721
none 280 0.333939 4 13085721
none 281 0.000000 4 13085721
none 282 0.324882 4 13085721
none 283 0.854740 4 13085721
none 284 0.673775 4 13085721
none 285 0.000000 4 13085721
none 286 0.251363 4 13085721
none 287 0.000000 4 13085721
none 288 0.164363 4 13085721
none 289 0.000000 4 13085721
none 290 0.000000 4 13085721
none 291 0.000000 4 13085721
none 292 0.649763 4 13085721
none 293 0.000000 4 13085721
none 294 0.260916 4 13085721
none 295 0.935961 4 13085721
none 296 0.649763 4 13085721
none 297 0.244287 4 13085721
none 298 0.000000 4 13085721
none 299 0.262664 4 13085721
none 300 0.000000 4 13085721
none amean 0.236693 4 13085721
