stemmer qid ndcg n collectionSize
paiceHusk 251 0.000000 16 3271430
paiceHusk 252 0.000000 16 3271430
paiceHusk 253 0.000000 16 3271430
paiceHusk 254 0.000000 16 3271430
paiceHusk 255 0.000000 16 3271430
paiceHusk 256 0.324882 16 3271430
paiceHusk 257 0.000000 16 3271430
paiceHusk 258 0.000000 16 3271430
paiceHusk 259 0.712284 16 3271430
paiceHusk 260 0.000000 16 3271430
paiceHusk 261 0.000000 16 3271430
paiceHusk 262 0.000000 16 3271430
paiceHusk 263 0.000000 16 3271430
paiceHusk 264 0.000000 16 3271430
paiceHusk 265 0.000000 16 3271430
paiceHusk 266 0.000000 16 3271430
paiceHusk 267 0.000000 16 3271430
paiceHusk 268 0.000000 16 3271430
paiceHusk 269 0.000000 16 3271430
paiceHusk 270 0.372115 16 3271430
paiceHusk 271 0.000000 16 3271430
paiceHusk 272 0.175180 16 3271430
paiceHusk 273 0.000000 16 3271430
paiceHusk 274 0.000000 16 3271430
paiceHusk 275 0.000000 16 3271430
paiceHusk 276 0.450563 16 3271430
paiceHusk 277 0.000000 16 3271430
paiceHusk 278 0.000000 16 3271430
paiceHusk 279 0.000000 16 3271430
paiceHusk 280 0.324882 16 3271430
paiceHusk 281 0.125689 16 3271430
paiceHusk 282 0.000000 16 3271430
paiceHusk 283 0.000000 16 3271430
paiceHusk 284 0.000000 16 3271430
paiceHusk 285 0.000000 16 3271430
paiceHusk 286 0.000000 16 3271430
paiceHusk 287 0.000000 16 3271430
paiceHusk 288 0.000000 16 3271430
paiceHusk 289 0.000000 16 3271430
paiceHusk 290 0.000000 16 3271430
paiceHusk 291 0.000000 16 3271430
paiceHusk 292 0.000000 16 3271430
paiceHusk 293 0.649763 16 3271430
paiceHusk 294 0.074046 16 3271430
paiceHusk 295 0.649763 16 3271430
paiceHusk 296 0.000000 16 3271430
paiceHusk 297 0.000000 16 3271430
paiceHusk 298 0.000000 16 3271430
paiceHusk 299 0.000000 16 3271430
paiceHusk 300 0.000000 16 3271430
paiceHusk amean 0.077183 16 3271430
krovetz 251 0.000000 16 3271430
krovetz 252 0.000000 16 3271430
krovetz 253 0.000000 16 3271430
krovetz 254 0.000000 16 3271430
krovetz 255 0.000000 16 3271430
krovetz 256 0.854740 16 3271430
krovetz 257 0.000000 16 3271430
krovetz 258 0.000000 16 3271430
krovetz 259 0.712284 16 3271430
krovetz 260 0.000000 16 3271430
krovetz 261 0.000000 16 3271430
krovetz 262 0.000000 16 3271430
krovetz 263 0.000000 16 3271430
krovetz 264 0.000000 16 3271430
krovetz 265 0.000000 16 3271430
krovetz 266 0.000000 16 3271430
krovetz 267 0.000000 16 3271430
krovetz 268 0.000000 16 3271430
krovetz 269 0.000000 16 3271430
krovetz 270 0.372115 16 3271430
krovetz 271 0.000000 16 3271430
krovetz 272 0.277654 16 3271430
krovetz 273 0.000000 16 3271430
krovetz 274 0.000000 16 3271430
krovetz 275 0.000000 16 3271430
krovetz 276 0.854740 16 3271430
krovetz 277 0.000000 16 3271430
krovetz 278 0.000000 16 3271430
krovetz 279 0.000000 16 3271430
krovetz 280 0.324882 16 3271430
krovetz 281 0.125689 16 3271430
krovetz 282 0.000000 16 3271430
krovetz 283 0.000000 16 3271430
krovetz 284 0.000000 16 3271430
krovetz 285 0.000000 16 3271430
krovetz 286 0.000000 16 3271430
krovetz 287 0.000000 16 3271430
krovetz 288 0.000000 16 3271430
krovetz 289 0.000000 16 3271430
krovetz 290 0.000000 16 3271430
krovetz 291 0.000000 16 3271430
krovetz 292 0.000000 16 3271430
krovetz 293 0.649763 16 3271430
krovetz 294 0.074046 16 3271430
krovetz 295 0.649763 16 3271430
krovetz 296 0.000000 16 3271430
krovetz 297 0.000000 16 3271430
krovetz 298 0.000000 16 3271430
krovetz 299 0.000000 16 3271430
krovetz 300 0.000000 16 3271430
krovetz amean 0.097914 16 3271430
sStripping 251 0.000000 16 3271430
sStripping 252 0.000000 16 3271430
sStripping 253 0.000000 16 3271430
sStripping 254 0.000000 16 3271430
sStripping 255 0.000000 16 3271430
sStripping 256 0.854740 16 3271430
sStripping 257 0.000000 16 3271430
sStripping 258 0.000000 16 3271430
sStripping 259 0.712284 16 3271430
sStripping 260 0.000000 16 3271430
sStripping 261 0.000000 16 3271430
sStripping 262 0.000000 16 3271430
sStripping 263 0.000000 16 3271430
sStripping 264 0.000000 16 3271430
sStripping 265 0.000000 16 3271430
sStripping 266 0.000000 16 3271430
sStripping 267 0.000000 16 3271430
sStripping 268 0.000000 16 3271430
sStripping 269 0.000000 16 3271430
sStripping 270 0.589788 16 3271430
sStripping 271 0.000000 16 3271430
sStripping 272 0.098902 16 3271430
sStripping 273 0.000000 16 3271430
sStripping 274 0.000000 16 3271430
sStripping 275 0.000000 16 3271430
sStripping 276 0.854740 16 3271430
sStripping 277 0.000000 16 3271430
sStripping 278 0.000000 16 3271430
sStripping 279 0.000000 16 3271430
sStripping 280 0.279838 16 3271430
sStripping 281 0.139927 16 3271430
sStripping 282 0.000000 16 3271430
sStripping 283 0.000000 16 3271430
sStripping 284 0.000000 16 3271430
sStripping 285 0.000000 16 3271430
sStripping 286 0.000000 16 3271430
sStripping 287 0.000000 16 3271430
sStripping 288 0.000000 16 3271430
sStripping 289 0.000000 16 3271430
sStripping 290 0.000000 16 3271430
sStripping 291 0.000000 16 3271430
sStripping 292 0.000000 16 3271430
sStripping 293 0.000000 16 3271430
sStripping 294 0.063779 16 3271430
sStripping 295 0.649763 16 3271430
sStripping 296 0.000000 16 3271430
sStripping 297 0.000000 16 3271430
sStripping 298 0.231450 16 3271430
sStripping 299 0.000000 16 3271430
sStripping 300 0.000000 16 3271430
sStripping amean 0.089504 16 3271430
porter2 251 0.000000 16 3271430
porter2 252 0.000000 16 3271430
porter2 253 0.000000 16 3271430
porter2 254 0.000000 16 3271430
porter2 255 0.000000 16 3271430
porter2 256 0.854740 16 3271430
porter2 257 0.000000 16 3271430
porter2 258 0.000000 16 3271430
porter2 259 0.712284 16 3271430
porter2 260 0.000000 16 3271430
porter2 261 0.000000 16 3271430
porter2 262 0.000000 16 3271430
porter2 263 0.000000 16 3271430
porter2 264 0.000000 16 3271430
porter2 265 0.000000 16 3271430
porter2 266 0.000000 16 3271430
porter2 267 0.000000 16 3271430
porter2 268 0.000000 16 3271430
porter2 269 0.000000 16 3271430
porter2 270 0.372115 16 3271430
porter2 271 0.000000 16 3271430
porter2 272 0.175180 16 3271430
porter2 273 0.491136 16 3271430
porter2 274 0.000000 16 3271430
porter2 275 0.000000 16 3271430
porter2 276 0.854740 16 3271430
porter2 277 0.000000 16 3271430
porter2 278 0.000000 16 3271430
porter2 279 0.000000 16 3271430
porter2 280 0.324882 16 3271430
porter2 281 0.162451 16 3271430
porter2 282 0.000000 16 3271430
porter2 283 0.000000 16 3271430
porter2 284 0.000000 16 3271430
porter2 285 0.000000 16 3271430
porter2 286 0.000000 16 3271430
porter2 287 0.000000 16 3271430
porter2 288 0.000000 16 3271430
porter2 289 0.000000 16 3271430
porter2 290 0.000000 16 3271430
porter2 291 0.000000 16 3271430
porter2 292 0.000000 16 3271430
porter2 293 0.649763 16 3271430
porter2 294 0.148091 16 3271430
porter2 295 0.649763 16 3271430
porter2 296 0.000000 16 3271430
porter2 297 0.000000 16 3271430
porter2 298 0.409955 16 3271430
porter2 299 0.000000 16 3271430
porter2 300 0.000000 16 3271430
porter2 amean 0.116102 16 3271430
lovins 251 0.000000 16 3271430
lovins 252 0.000000 16 3271430
lovins 253 0.000000 16 3271430
lovins 254 0.000000 16 3271430
lovins 255 0.000000 16 3271430
lovins 256 0.854740 16 3271430
lovins 257 0.000000 16 3271430
lovins 258 0.000000 16 3271430
lovins 259 0.712284 16 3271430
lovins 260 0.000000 16 3271430
lovins 261 0.000000 16 3271430
lovins 262 0.000000 16 3271430
lovins 263 0.000000 16 3271430
lovins 264 0.000000 16 3271430
lovins 265 0.000000 16 3271430
lovins 266 0.000000 16 3271430
lovins 267 0.000000 16 3271430
lovins 268 0.000000 16 3271430
lovins 269 0.000000 16 3271430
lovins 270 0.372115 16 3271430
lovins 271 0.000000 16 3271430
lovins 272 0.175180 16 3271430
lovins 273 0.491136 16 3271430
lovins 274 0.000000 16 3271430
lovins 275 0.000000 16 3271430
lovins 276 0.854740 16 3271430
lovins 277 0.000000 16 3271430
lovins 278 0.000000 16 3271430
lovins 279 0.000000 16 3271430
lovins 280 0.324882 16 3271430
lovins 281 0.125689 16 3271430
lovins 282 0.000000 16 3271430
lovins 283 0.000000 16 3271430
lovins 284 0.000000 16 3271430
lovins 285 0.000000 16 3271430
lovins 286 0.000000 16 3271430
lovins 287 0.000000 16 3271430
lovins 288 0.000000 16 3271430
lovins 289 0.000000 16 3271430
lovins 290 0.000000 16 3271430
lovins 291 0.000000 16 3271430
lovins 292 0.000000 16 3271430
lovins 293 0.649763 16 3271430
lovins 294 0.093435 16 3271430
lovins 295 0.649763 16 3271430
lovins 296 0.000000 16 3271430
lovins 297 0.000000 16 3271430
lovins 298 0.251363 16 3271430
lovins 299 0.000000 16 3271430
lovins 300 0.000000 16 3271430
lovins amean 0.111102 16 3271430
wikt 251 0.000000 16 3271430
wikt 252 0.000000 16 3271430
wikt 253 0.000000 16 3271430
wikt 254 0.000000 16 3271430
wikt 255 0.000000 16 3271430
wikt 256 0.854740 16 3271430
wikt 257 0.000000 16 3271430
wikt 258 0.000000 16 3271430
wikt 259 0.712284 16 3271430
wikt 260 0.000000 16 3271430
wikt 261 0.000000 16 3271430
wikt 262 0.000000 16 3271430
wikt 263 0.000000 16 3271430
wikt 264 0.000000 16 3271430
wikt 265 0.000000 16 3271430
wikt 266 0.000000 16 3271430
wikt 267 0.000000 16 3271430
wikt 268 0.000000 16 3271430
wikt 269 0.000000 16 3271430
wikt 270 0.589788 16 3271430
wikt 271 0.000000 16 3271430
wikt 272 0.083582 16 3271430
wikt 273 0.000000 16 3271430
wikt 274 0.000000 16 3271430
wikt 275 0.000000 16 3271430
wikt 276 0.854740 16 3271430
wikt 277 0.000000 16 3271430
wikt 278 0.000000 16 3271430
wikt 279 0.000000 16 3271430
wikt 280 0.251363 16 3271430
wikt 281 0.139927 16 3271430
wikt 282 0.000000 16 3271430
wikt 283 0.000000 16 3271430
wikt 284 0.000000 16 3271430
wikt 285 0.000000 16 3271430
wikt 286 0.000000 16 3271430
wikt 287 0.000000 16 3271430
wikt 288 0.000000 16 3271430
wikt 289 0.000000 16 3271430
wikt 290 0.000000 16 3271430
wikt 291 0.064611 16 3271430
wikt 292 0.000000 16 3271430
wikt 293 0.649763 16 3271430
wikt 294 0.044580 16 3271430
wikt 295 0.649763 16 3271430
wikt 296 0.000000 16 3271430
wikt 297 0.000000 16 3271430
wikt 298 0.000000 16 3271430
wikt 299 0.000000 16 3271430
wikt 300 0.000000 16 3271430
wikt amean 0.097903 16 3271430
none 251 0.000000 16 3271430
none 252 0.000000 16 3271430
none 253 0.000000 16 3271430
none 254 0.000000 16 3271430
none 255 0.000000 16 3271430
none 256 0.854740 16 3271430
none 257 0.000000 16 3271430
none 258 0.000000 16 3271430
none 259 0.712284 16 3271430
none 260 0.000000 16 3271430
none 261 0.000000 16 3271430
none 262 0.000000 16 3271430
none 263 0.000000 16 3271430
none 264 0.000000 16 3271430
none 265 0.000000 16 3271430
none 266 0.000000 16 3271430
none 267 0.000000 16 3271430
none 268 0.000000 16 3271430
none 269 0.000000 16 3271430
none 270 0.372115 16 3271430
none 271 0.000000 16 3271430
none 272 0.138827 16 3271430
none 273 0.000000 16 3271430
none 274 0.000000 16 3271430
none 275 0.000000 16 3271430
none 276 0.854740 16 3271430
none 277 0.000000 16 3271430
none 278 0.000000 16 3271430
none 279 0.000000 16 3271430
none 280 0.279838 16 3271430
none 281 0.125689 16 3271430
none 282 0.000000 16 3271430
none 283 0.000000 16 3271430
none 284 0.000000 16 3271430
none 285 0.000000 16 3271430
none 286 0.000000 16 3271430
none 287 0.000000 16 3271430
none 288 0.000000 16 3271430
none 289 0.000000 16 3271430
none 290 0.000000 16 3271430
none 291 0.000000 16 3271430
none 292 0.000000 16 3271430
none 293 0.000000 16 3271430
none 294 0.148091 16 3271430
none 295 0.649763 16 3271430
none 296 0.000000 16 3271430
none 297 0.000000 16 3271430
none 298 0.279838 16 3271430
none 299 0.000000 16 3271430
none 300 0.000000 16 3271430
none amean 0.088319 16 3271430
