stemmer qid ndcg maxLength
paiceHusk 201 0.405864 1097
paiceHusk 202 0.132511 1097
paiceHusk 203 0.556794 1097
paiceHusk 204 0.894991 1097
paiceHusk 205 0.000000 1097
paiceHusk 206 0.088714 1097
paiceHusk 207 0.250006 1097
paiceHusk 208 0.489858 1097
paiceHusk 209 0.046250 1097
paiceHusk 210 0.087924 1097
paiceHusk 211 0.975044 1097
paiceHusk 212 0.000000 1097
paiceHusk 213 0.265786 1097
paiceHusk 214 0.997943 1097
paiceHusk 215 0.209915 1097
paiceHusk 216 0.440845 1097
paiceHusk 217 0.986062 1097
paiceHusk 218 0.757071 1097
paiceHusk 219 0.000000 1097
paiceHusk 220 0.087386 1097
paiceHusk 221 0.298889 1097
paiceHusk 222 0.585733 1097
paiceHusk 223 0.677704 1097
paiceHusk 224 0.649763 1097
paiceHusk 225 0.486010 1097
paiceHusk 226 0.337620 1097
paiceHusk 227 0.937053 1097
paiceHusk 228 0.535636 1097
paiceHusk 229 0.892407 1097
paiceHusk 230 0.324882 1097
paiceHusk 231 0.359656 1097
paiceHusk 232 0.993884 1097
paiceHusk 233 0.000000 1097
paiceHusk 234 0.470285 1097
paiceHusk 235 0.000000 1097
paiceHusk 236 0.991818 1097
paiceHusk 237 0.580516 1097
paiceHusk 238 0.279838 1097
paiceHusk 239 0.666805 1097
paiceHusk 240 0.000000 1097
paiceHusk 241 0.981129 1097
paiceHusk 242 0.607301 1097
paiceHusk 243 0.725522 1097
paiceHusk 244 0.301586 1097
paiceHusk 245 0.225588 1097
paiceHusk 246 0.000000 1097
paiceHusk 247 0.000000 1097
paiceHusk 248 0.000000 1097
paiceHusk 249 0.123369 1097
paiceHusk 250 0.000000 1097
paiceHusk 251 0.000000 1097
paiceHusk 252 0.970941 1097
paiceHusk 253 0.412145 1097
paiceHusk 254 0.324198 1097
paiceHusk 255 0.000000 1097
paiceHusk 256 0.000000 1097
paiceHusk 257 0.552794 1097
paiceHusk 258 0.438537 1097
paiceHusk 259 0.788632 1097
paiceHusk 260 0.000000 1097
paiceHusk 261 0.409955 1097
paiceHusk 262 0.359656 1097
paiceHusk 263 0.649763 1097
paiceHusk 264 0.324882 1097
paiceHusk 265 0.130011 1097
paiceHusk 266 0.649763 1097
paiceHusk 267 0.231450 1097
paiceHusk 268 0.195598 1097
paiceHusk 269 0.000000 1097
paiceHusk 270 0.236958 1097
paiceHusk 271 0.216588 1097
paiceHusk 272 0.198334 1097
paiceHusk 273 0.000000 1097
paiceHusk 274 0.125800 1097
paiceHusk 275 0.144998 1097
paiceHusk 276 0.289510 1097
paiceHusk 277 0.000000 1097
paiceHusk 278 0.000000 1097
paiceHusk 279 0.298186 1097
paiceHusk 280 0.875044 1097
paiceHusk 281 0.112837 1097
paiceHusk 282 0.758057 1097
paiceHusk 283 0.993884 1097
paiceHusk 284 0.983573 1097
paiceHusk 285 0.867537 1097
paiceHusk 286 0.549874 1097
paiceHusk 287 0.251363 1097
paiceHusk 288 0.321171 1097
paiceHusk 289 0.000000 1097
paiceHusk 290 0.371900 1097
paiceHusk 291 0.429131 1097
paiceHusk 292 0.917581 1097
paiceHusk 293 0.279838 1097
paiceHusk 294 0.000000 1097
paiceHusk 295 0.958737 1097
paiceHusk 296 0.949150 1097
paiceHusk 297 0.633602 1097
paiceHusk 298 0.000000 1097
paiceHusk 299 0.249466 1097
paiceHusk 300 0.000000 1097
paiceHusk amean 0.391574 1097
krovetz 201 0.405864 1097
krovetz 202 0.132511 1097
krovetz 203 0.000000 1097
krovetz 204 0.894265 1097
krovetz 205 0.575979 1097
krovetz 206 0.086508 1097
krovetz 207 0.251481 1097
krovetz 208 0.489858 1097
krovetz 209 0.194678 1097
krovetz 210 0.087924 1097
krovetz 211 0.975044 1097
krovetz 212 0.000000 1097
krovetz 213 0.274755 1097
krovetz 214 0.981515 1097
krovetz 215 0.251429 1097
krovetz 216 0.440845 1097
krovetz 217 0.775444 1097
krovetz 218 0.753512 1097
krovetz 219 0.000000 1097
krovetz 220 0.087386 1097
krovetz 221 0.204977 1097
krovetz 222 0.585733 1097
krovetz 223 0.677704 1097
krovetz 224 0.649763 1097
krovetz 225 0.341704 1097
krovetz 226 0.373290 1097
krovetz 227 0.953770 1097
krovetz 228 0.353851 1097
krovetz 229 0.892407 1097
krovetz 230 0.382326 1097
krovetz 231 0.675121 1097
krovetz 232 0.993884 1097
krovetz 233 0.000000 1097
krovetz 234 0.532875 1097
krovetz 235 0.000000 1097
krovetz 236 0.991818 1097
krovetz 237 0.580127 1097
krovetz 238 0.409955 1097
krovetz 239 0.666805 1097
krovetz 240 0.231450 1097
krovetz 241 0.981129 1097
krovetz 242 0.607301 1097
krovetz 243 0.725522 1097
krovetz 244 0.301586 1097
krovetz 245 0.225588 1097
krovetz 246 0.000000 1097
krovetz 247 0.000000 1097
krovetz 248 0.000000 1097
krovetz 249 0.143526 1097
krovetz 250 0.000000 1097
krovetz 251 0.000000 1097
krovetz 252 0.993939 1097
krovetz 253 0.412145 1097
krovetz 254 0.324198 1097
krovetz 255 0.000000 1097
krovetz 256 0.935961 1097
krovetz 257 0.547440 1097
krovetz 258 0.292418 1097
krovetz 259 0.815831 1097
krovetz 260 0.280043 1097
krovetz 261 0.409955 1097
krovetz 262 0.314387 1097
krovetz 263 0.649763 1097
krovetz 264 0.649763 1097
krovetz 265 0.130011 1097
krovetz 266 0.649763 1097
krovetz 267 0.204977 1097
krovetz 268 0.204977 1097
krovetz 269 0.000000 1097
krovetz 270 0.226302 1097
krovetz 271 0.000000 1097
krovetz 272 0.198334 1097
krovetz 273 0.000000 1097
krovetz 274 0.124698 1097
krovetz 275 0.144998 1097
krovetz 276 0.518249 1097
krovetz 277 0.000000 1097
krovetz 278 0.000000 1097
krovetz 279 0.306457 1097
krovetz 280 0.875044 1097
krovetz 281 0.112837 1097
krovetz 282 0.758057 1097
krovetz 283 0.993884 1097
krovetz 284 0.981715 1097
krovetz 285 0.867537 1097
krovetz 286 0.549874 1097
krovetz 287 0.251363 1097
krovetz 288 0.321171 1097
krovetz 289 0.000000 1097
krovetz 290 0.370811 1097
krovetz 291 0.429131 1097
krovetz 292 0.924700 1097
krovetz 293 0.000000 1097
krovetz 294 0.042808 1097
krovetz 295 0.967381 1097
krovetz 296 0.950322 1097
krovetz 297 0.633602 1097
krovetz 298 0.000000 1097
krovetz 299 0.237866 1097
krovetz 300 0.000000 1097
krovetz amean 0.407439 1097
sStripping 201 0.405864 1097
sStripping 202 0.132511 1097
sStripping 203 0.542071 1097
sStripping 204 0.561475 1097
sStripping 205 0.345274 1097
sStripping 206 0.110486 1097
sStripping 207 0.173159 1097
sStripping 208 0.489858 1097
sStripping 209 0.194678 1097
sStripping 210 0.086611 1097
sStripping 211 0.682262 1097
sStripping 212 0.000000 1097
sStripping 213 0.274755 1097
sStripping 214 0.996335 1097
sStripping 215 0.252934 1097
sStripping 216 0.443706 1097
sStripping 217 0.775444 1097
sStripping 218 0.753512 1097
sStripping 219 0.000000 1097
sStripping 220 0.078918 1097
sStripping 221 0.204977 1097
sStripping 222 0.545814 1097
sStripping 223 0.677704 1097
sStripping 224 0.649763 1097
sStripping 225 0.341704 1097
sStripping 226 0.350213 1097
sStripping 227 0.943203 1097
sStripping 228 0.525680 1097
sStripping 229 0.907913 1097
sStripping 230 0.382326 1097
sStripping 231 0.674535 1097
sStripping 232 0.996475 1097
sStripping 233 0.000000 1097
sStripping 234 0.487831 1097
sStripping 235 0.000000 1097
sStripping 236 0.991818 1097
sStripping 237 0.580127 1097
sStripping 238 0.409955 1097
sStripping 239 0.676255 1097
sStripping 240 0.649763 1097
sStripping 241 0.981129 1097
sStripping 242 0.607301 1097
sStripping 243 0.695927 1097
sStripping 244 0.328234 1097
sStripping 245 0.221783 1097
sStripping 246 0.000000 1097
sStripping 247 0.000000 1097
sStripping 248 0.000000 1097
sStripping 249 0.124785 1097
sStripping 250 0.000000 1097
sStripping 251 0.000000 1097
sStripping 252 0.993939 1097
sStripping 253 0.328942 1097
sStripping 254 0.324198 1097
sStripping 255 0.000000 1097
sStripping 256 0.924700 1097
sStripping 257 0.546496 1097
sStripping 258 0.438537 1097
sStripping 259 0.789871 1097
sStripping 260 0.287018 1097
sStripping 261 0.409955 1097
sStripping 262 0.000000 1097
sStripping 263 0.649763 1097
sStripping 264 0.649763 1097
sStripping 265 0.134472 1097
sStripping 266 0.649763 1097
sStripping 267 0.279838 1097
sStripping 268 0.204977 1097
sStripping 269 0.000000 1097
sStripping 270 0.226302 1097
sStripping 271 0.000000 1097
sStripping 272 0.198334 1097
sStripping 273 0.000000 1097
sStripping 274 0.121998 1097
sStripping 275 0.151241 1097
sStripping 276 0.649763 1097
sStripping 277 0.000000 1097
sStripping 278 0.000000 1097
sStripping 279 0.317426 1097
sStripping 280 0.924700 1097
sStripping 281 0.112837 1097
sStripping 282 0.758057 1097
sStripping 283 0.984477 1097
sStripping 284 0.980918 1097
sStripping 285 0.872283 1097
sStripping 286 0.812204 1097
sStripping 287 0.279838 1097
sStripping 288 0.321171 1097
sStripping 289 0.000000 1097
sStripping 290 0.370811 1097
sStripping 291 0.429131 1097
sStripping 292 0.935961 1097
sStripping 293 0.000000 1097
sStripping 294 0.000000 1097
sStripping 295 0.946512 1097
sStripping 296 0.854740 1097
sStripping 297 0.611136 1097
sStripping 298 0.000000 1097
sStripping 299 0.240770 1097
sStripping 300 0.000000 1097
sStripping amean 0.409679 1097
porter2 201 0.424117 1097
porter2 202 0.132511 1097
porter2 203 0.556794 1097
porter2 204 0.892407 1097
porter2 205 0.576221 1097
porter2 206 0.085397 1097
porter2 207 0.173159 1097
porter2 208 0.489371 1097
porter2 209 0.194678 1097
porter2 210 0.087924 1097
porter2 211 0.975044 1097
porter2 212 0.000000 1097
porter2 213 0.257236 1097
porter2 214 0.993139 1097
porter2 215 0.209306 1097
porter2 216 0.440845 1097
porter2 217 0.908879 1097
porter2 218 0.753512 1097
porter2 219 0.000000 1097
porter2 220 0.087386 1097
porter2 221 0.298889 1097
porter2 222 0.585733 1097
porter2 223 0.677704 1097
porter2 224 0.649763 1097
porter2 225 0.486010 1097
porter2 226 0.305705 1097
porter2 227 0.943203 1097
porter2 228 0.525680 1097
porter2 229 0.892407 1097
porter2 230 0.824344 1097
porter2 231 0.675121 1097
porter2 232 0.993884 1097
porter2 233 0.000000 1097
porter2 234 0.483144 1097
porter2 235 0.000000 1097
porter2 236 0.991818 1097
porter2 237 0.580127 1097
porter2 238 0.409955 1097
porter2 239 0.667977 1097
porter2 240 0.231450 1097
porter2 241 0.981129 1097
porter2 242 0.607301 1097
porter2 243 0.695927 1097
porter2 244 0.328234 1097
porter2 245 0.225588 1097
porter2 246 0.000000 1097
porter2 247 0.000000 1097
porter2 248 0.000000 1097
porter2 249 0.143526 1097
porter2 250 0.000000 1097
porter2 251 0.000000 1097
porter2 252 0.993939 1097
porter2 253 0.412145 1097
porter2 254 0.356295 1097
porter2 255 0.000000 1097
porter2 256 0.935961 1097
porter2 257 0.547440 1097
porter2 258 0.288081 1097
porter2 259 0.812897 1097
porter2 260 0.277983 1097
porter2 261 0.409955 1097
porter2 262 0.314387 1097
porter2 263 0.649763 1097
porter2 264 0.649763 1097
porter2 265 0.134472 1097
porter2 266 0.649763 1097
porter2 267 0.231450 1097
porter2 268 0.204977 1097
porter2 269 0.000000 1097
porter2 270 0.226302 1097
porter2 271 0.000000 1097
porter2 272 0.198334 1097
porter2 273 0.724706 1097
porter2 274 0.130667 1097
porter2 275 0.126345 1097
porter2 276 0.409955 1097
porter2 277 0.000000 1097
porter2 278 0.000000 1097
porter2 279 0.298186 1097
porter2 280 0.875044 1097
porter2 281 0.112837 1097
porter2 282 0.758057 1097
porter2 283 0.993884 1097
porter2 284 0.983573 1097
porter2 285 0.867537 1097
porter2 286 0.549874 1097
porter2 287 0.279838 1097
porter2 288 0.321171 1097
porter2 289 0.000000 1097
porter2 290 0.370811 1097
porter2 291 0.429131 1097
porter2 292 0.924700 1097
porter2 293 0.279838 1097
porter2 294 0.042808 1097
porter2 295 0.967381 1097
porter2 296 0.950322 1097
porter2 297 0.633602 1097
porter2 298 0.789682 1097
porter2 299 0.237866 1097
porter2 300 0.000000 1097
porter2 amean 0.437943 1097
lovins 201 0.296190 1097
lovins 202 0.114179 1097
lovins 203 0.487071 1097
lovins 204 0.000000 1097
lovins 205 0.509379 1097
lovins 206 0.112229 1097
lovins 207 0.203914 1097
lovins 208 0.489858 1097
lovins 209 0.194678 1097
lovins 210 0.086611 1097
lovins 211 0.975044 1097
lovins 212 0.000000 1097
lovins 213 0.264006 1097
lovins 214 0.980410 1097
lovins 215 0.258557 1097
lovins 216 0.475447 1097
lovins 217 0.932507 1097
lovins 218 0.811704 1097
lovins 219 0.000000 1097
lovins 220 0.082702 1097
lovins 221 0.298889 1097
lovins 222 0.585733 1097
lovins 223 0.677704 1097
lovins 224 0.649763 1097
lovins 225 0.484660 1097
lovins 226 0.320000 1097
lovins 227 0.945076 1097
lovins 228 0.000000 1097
lovins 229 0.892407 1097
lovins 230 0.824344 1097
lovins 231 0.674535 1097
lovins 232 0.993884 1097
lovins 233 0.000000 1097
lovins 234 0.400807 1097
lovins 235 0.000000 1097
lovins 236 0.995109 1097
lovins 237 0.580127 1097
lovins 238 0.231450 1097
lovins 239 0.666805 1097
lovins 240 0.195598 1097
lovins 241 0.981129 1097
lovins 242 0.603747 1097
lovins 243 0.695927 1097
lovins 244 0.330186 1097
lovins 245 0.221783 1097
lovins 246 0.000000 1097
lovins 247 0.000000 1097
lovins 248 0.000000 1097
lovins 249 0.041376 1097
lovins 250 0.000000 1097
lovins 251 0.000000 1097
lovins 252 0.989035 1097
lovins 253 0.412145 1097
lovins 254 0.356295 1097
lovins 255 0.000000 1097
lovins 256 0.924700 1097
lovins 257 0.546418 1097
lovins 258 0.288081 1097
lovins 259 0.489067 1097
lovins 260 0.277983 1097
lovins 261 0.251363 1097
lovins 262 0.216588 1097
lovins 263 0.649763 1097
lovins 264 0.649763 1097
lovins 265 0.000000 1097
lovins 266 0.649763 1097
lovins 267 0.216588 1097
lovins 268 0.204977 1097
lovins 269 0.000000 1097
lovins 270 0.236958 1097
lovins 271 0.204977 1097
lovins 272 0.175358 1097
lovins 273 0.724706 1097
lovins 274 0.116941 1097
lovins 275 0.000000 1097
lovins 276 0.518249 1097
lovins 277 0.000000 1097
lovins 278 0.000000 1097
lovins 279 0.298270 1097
lovins 280 0.875044 1097
lovins 281 0.112837 1097
lovins 282 0.758057 1097
lovins 283 0.993884 1097
lovins 284 0.983573 1097
lovins 285 0.867537 1097
lovins 286 0.549874 1097
lovins 287 0.279838 1097
lovins 288 0.321171 1097
lovins 289 0.000000 1097
lovins 290 0.370811 1097
lovins 291 0.429131 1097
lovins 292 0.912603 1097
lovins 293 0.279838 1097
lovins 294 0.042808 1097
lovins 295 0.967381 1097
lovins 296 0.864404 1097
lovins 297 0.633602 1097
lovins 298 0.000000 1097
lovins 299 0.249466 1097
lovins 300 0.000000 1097
lovins amean 0.404554 1097
wikt 201 0.405864 1097
wikt 202 0.108058 1097
wikt 203 0.561961 1097
wikt 204 0.894991 1097
wikt 205 0.216588 1097
wikt 206 0.115546 1097
wikt 207 0.251481 1097
wikt 208 0.489371 1097
wikt 209 0.046250 1097
wikt 210 0.000000 1097
wikt 211 0.641646 1097
wikt 212 0.000000 1097
wikt 213 0.274755 1097
wikt 214 0.980557 1097
wikt 215 0.251429 1097
wikt 216 0.440845 1097
wikt 217 0.976698 1097
wikt 218 0.757071 1097
wikt 219 0.000000 1097
wikt 220 0.087386 1097
wikt 221 0.298889 1097
wikt 222 0.585733 1097
wikt 223 0.677704 1097
wikt 224 0.000000 1097
wikt 225 0.485263 1097
wikt 226 0.330247 1097
wikt 227 0.937053 1097
wikt 228 0.429282 1097
wikt 229 0.892407 1097
wikt 230 0.382326 1097
wikt 231 0.674535 1097
wikt 232 0.993884 1097
wikt 233 0.000000 1097
wikt 234 0.535636 1097
wikt 235 0.000000 1097
wikt 236 0.991818 1097
wikt 237 0.576140 1097
wikt 238 0.409955 1097
wikt 239 0.667977 1097
wikt 240 0.000000 1097
wikt 241 0.981129 1097
wikt 242 0.607301 1097
wikt 243 0.695927 1097
wikt 244 0.328234 1097
wikt 245 0.225588 1097
wikt 246 0.000000 1097
wikt 247 0.000000 1097
wikt 248 0.000000 1097
wikt 249 0.041376 1097
wikt 250 0.000000 1097
wikt 251 0.000000 1097
wikt 252 0.993939 1097
wikt 253 0.412145 1097
wikt 254 0.324198 1097
wikt 255 0.000000 1097
wikt 256 0.924700 1097
wikt 257 0.547440 1097
wikt 258 0.292418 1097
wikt 259 0.815057 1097
wikt 260 0.037672 1097
wikt 261 0.409955 1097
wikt 262 0.314387 1097
wikt 263 0.649763 1097
wikt 264 0.409955 1097
wikt 265 0.130011 1097
wikt 266 0.649763 1097
wikt 267 0.204977 1097
wikt 268 0.204977 1097
wikt 269 0.000000 1097
wikt 270 0.236958 1097
wikt 271 0.204977 1097
wikt 272 0.178045 1097
wikt 273 0.000000 1097
wikt 274 0.124698 1097
wikt 275 0.000000 1097
wikt 276 0.409955 1097
wikt 277 0.000000 1097
wikt 278 0.000000 1097
wikt 279 0.298186 1097
wikt 280 0.875044 1097
wikt 281 0.112837 1097
wikt 282 0.758057 1097
wikt 283 0.993884 1097
wikt 284 0.983573 1097
wikt 285 0.872283 1097
wikt 286 0.549874 1097
wikt 287 0.251363 1097
wikt 288 0.320701 1097
wikt 289 0.000000 1097
wikt 290 0.370811 1097
wikt 291 0.429131 1097
wikt 292 0.924700 1097
wikt 293 0.279838 1097
wikt 294 0.000000 1097
wikt 295 0.967381 1097
wikt 296 0.949150 1097
wikt 297 0.633602 1097
wikt 298 0.000000 1097
wikt 299 0.244486 1097
wikt 300 0.000000 1097
wikt amean 0.395398 1097
none 201 0.405864 1097
none 202 0.132511 1097
none 203 0.642355 1097
none 204 0.886357 1097
none 205 0.279838 1097
none 206 0.108827 1097
none 207 0.203914 1097
none 208 0.489858 1097
none 209 0.401374 1097
none 210 0.087924 1097
none 211 0.975044 1097
none 212 0.000000 1097
none 213 0.274755 1097
none 214 0.991847 1097
none 215 0.254862 1097
none 216 0.443706 1097
none 217 0.765488 1097
none 218 0.487322 1097
none 219 0.000000 1097
none 220 0.262159 1097
none 221 0.204977 1097
none 222 0.545814 1097
none 223 0.683817 1097
none 224 0.649763 1097
none 225 0.486966 1097
none 226 0.327289 1097
none 227 0.954942 1097
none 228 0.000000 1097
none 229 0.907913 1097
none 230 0.324882 1097
none 231 0.664168 1097
none 232 0.992520 1097
none 233 0.000000 1097
none 234 0.529160 1097
none 235 0.000000 1097
none 236 0.986651 1097
none 237 0.587268 1097
none 238 0.409955 1097
none 239 0.676255 1097
none 240 0.649763 1097
none 241 0.981129 1097
none 242 0.608526 1097
none 243 0.698123 1097
none 244 0.328234 1097
none 245 0.230686 1097
none 246 0.000000 1097
none 247 0.000000 1097
none 248 0.231450 1097
none 249 0.149004 1097
none 250 0.000000 1097
none 251 0.251363 1097
none 252 0.995377 1097
none 253 0.328942 1097
none 254 0.324198 1097
none 255 0.000000 1097
none 256 0.959439 1097
none 257 0.546496 1097
none 258 0.438537 1097
none 259 0.789871 1097
none 260 0.277983 1097
none 261 0.204977 1097
none 262 0.000000 1097
none 263 0.649763 1097
none 264 0.649763 1097
none 265 0.000000 1097
none 266 0.758057 1097
none 267 0.251363 1097
none 268 0.187824 1097
none 269 0.000000 1097
none 270 0.236958 1097
none 271 0.000000 1097
none 272 0.199022 1097
none 273 0.000000 1097
none 274 0.136883 1097
none 275 0.144998 1097
none 276 0.649763 1097
none 277 0.000000 1097
none 278 0.000000 1097
none 279 0.317426 1097
none 280 0.917581 1097
none 281 0.112837 1097
none 282 0.838581 1097
none 283 0.984477 1097
none 284 0.984541 1097
none 285 0.802714 1097
none 286 0.324882 1097
none 287 0.279838 1097
none 288 0.320701 1097
none 289 0.000000 1097
none 290 0.370811 1097
none 291 0.385680 1097
none 292 0.924700 1097
none 293 0.000000 1097
none 294 0.213246 1097
none 295 0.946512 1097
none 296 0.809301 1097
none 297 0.611136 1097
none 298 0.000000 1097
none 299 0.244486 1097
none 300 0.000000 1097
none amean 0.412743 1097
