alpha-DCG@10
0.386089
0.081220
0.630258
0.830434
0.000000
0.048535
0.221299
0.439808
0.000000
0.112567
0.907428
0.000000
0.254879
0.982085
0.247178
0.457663
0.579449
0.220544
0.000000
0.111935
0.187824
0.426396
0.951901
0.470285
0.284913
0.180559
0.497519
0.464800
0.964584
0.345274
0.279838
0.986651
0.000000
0.459666
0.000000
0.984477
0.541469
0.216588
0.933919
0.279838
0.992520
0.597827
0.626193
0.374849
0.212826
0.000000
0.000000
0.000000
0.059778
0.000000
0.000000
0.960411
0.361905
0.265517
0.000000
0.000000
0.493591
0.324882
0.519700
0.000000
0.000000
0.251363
0.812444
0.000000
0.000000
0.649763
0.000000
0.195598
0.000000
0.146967
0.000000
0.249857
0.000000
0.271721
0.085410
0.409955
0.000000
0.000000
0.085215
0.649763
0.154117
0.888711
0.986651
0.452475
0.433175
0.409955
0.000000
0.303223
0.000000
0.093912
0.342581
0.775444
0.000000
0.102637
0.979606
0.554714
0.592992
0.000000
0.065199
0.000000
0.327013
alpha-DCG@10
0.386089
0.081220
0.000000
0.830434
0.934162
0.047706
0.221299
0.439808
0.169277
0.103075
0.907428
0.000000
0.263203
0.980557
0.246559
0.457663
0.924631
0.173588
0.000000
0.111935
0.195598
0.426396
0.980918
0.621295
0.284913
0.180559
0.515329
0.353851
0.964584
0.367088
0.758057
0.986651
0.000000
0.604021
0.000000
0.984477
0.542955
0.231450
0.933919
0.279838
0.993056
0.597827
0.626193
0.374849
0.212826
0.000000
0.000000
0.000000
0.060555
0.000000
0.000000
0.928160
0.361905
0.265517
0.000000
0.752252
0.493591
0.324882
0.473593
0.081991
0.000000
0.231450
0.859160
0.000000
0.000000
0.649763
0.000000
0.231450
0.000000
0.146967
0.000000
0.187717
0.000000
0.272499
0.085410
0.409955
0.000000
0.000000
0.085215
0.649763
0.154117
0.888711
0.986651
0.452475
0.433175
0.409955
0.000000
0.315873
0.000000
0.000000
0.342413
0.812204
0.000000
0.046290
0.982680
0.641646
0.592992
0.000000
0.065199
0.000000
0.349715
alpha-DCG@10
0.391594
0.081220
0.535636
0.850167
0.620572
0.048535
0.234676
0.439808
0.169277
0.103075
0.887429
0.000000
0.263203
0.697581
0.248932
0.501420
0.924631
0.173588
0.000000
0.111935
0.195598
0.425401
0.980918
0.467940
0.284913
0.180559
0.529160
0.512444
0.956879
0.367088
0.765488
0.986651
0.000000
0.518947
0.000000
0.984477
0.544947
0.231450
0.927120
0.324882
0.973808
0.597827
0.451425
0.374849
0.212826
0.000000
0.000000
0.000000
0.065850
0.000000
0.000000
0.928160
0.338798
0.265517
0.000000
0.649763
0.492300
0.324882
0.519700
0.081991
0.000000
0.000000
0.859160
0.000000
0.000000
0.649763
0.000000
0.204977
0.000000
0.146967
0.000000
0.249857
0.000000
0.272499
0.089392
0.195598
0.000000
0.000000
0.092722
0.649763
0.154117
0.888711
0.985406
0.395563
0.433175
0.409955
0.000000
0.315873
0.000000
0.093912
0.342413
0.812204
0.000000
0.157936
0.983165
0.527641
0.568543
0.000000
0.065199
0.204977
0.344953
alpha-DCG@10
0.386089
0.081220
0.630258
0.801151
0.934162
0.048535
0.234676
0.439808
0.169277
0.112567
0.913857
0.000000
0.250162
0.980557
0.247178
0.457663
0.691229
0.173588
0.216588
0.111935
0.298889
0.427820
0.980918
0.623640
0.284913
0.180559
0.537178
0.512444
0.964584
0.554714
0.758057
0.986651
0.000000
0.504710
0.000000
0.983752
0.542955
0.231450
0.933919
0.279838
0.993056
0.597827
0.451425
0.374849
0.212826
0.000000
0.000000
0.000000
0.059778
0.000000
0.000000
0.928160
0.361905
0.217830
0.000000
0.649763
0.493591
0.324882
0.473593
0.081991
0.000000
0.231450
0.859160
0.000000
0.000000
0.649763
0.000000
0.251363
0.000000
0.146967
0.000000
0.249857
0.685330
0.252939
0.085410
0.324882
0.000000
0.000000
0.085215
0.649763
0.154117
0.888711
0.986651
0.452475
0.433175
0.409955
0.000000
0.306195
0.000000
0.093912
0.342413
0.812204
0.231450
0.102637
0.982680
0.641646
0.592992
0.000000
0.065199
0.000000
0.366575
alpha-DCG@10
0.332604
0.081220
0.535636
0.000000
0.613113
0.047036
0.231678
0.439808
0.169277
0.100869
0.913857
0.000000
0.266140
0.938020
0.249551
0.503356
0.579156
0.239766
0.000000
0.111935
0.195598
0.426396
0.951901
0.623640
0.284913
0.180559
0.512984
0.000000
0.964584
0.554714
0.758057
0.986651
0.000000
0.390988
0.000000
0.970941
0.542955
0.204977
0.933919
0.279838
0.993056
0.544118
0.451425
0.374849
0.217331
0.000000
0.000000
0.000000
0.043318
0.000000
0.000000
0.907785
0.361905
0.217830
0.000000
0.649763
0.495300
0.324882
0.338597
0.081991
0.649763
0.216588
0.859160
0.000000
0.000000
0.649763
0.000000
0.251363
0.000000
0.146967
0.000000
0.249857
0.685330
0.252939
0.000000
0.231450
0.000000
0.000000
0.085215
0.649763
0.154117
0.876001
0.986651
0.442519
0.433175
0.409955
0.000000
0.315873
0.000000
0.093912
0.353248
0.775444
0.231450
0.046290
0.982680
0.647118
0.592992
0.000000
0.065199
0.000000
0.344536
alpha-DCG@10
0.386089
0.057863
0.630258
0.830434
0.615405
0.048535
0.221299
0.439808
0.000000
0.000000
0.324882
0.000000
0.263203
0.977354
0.246559
0.457663
0.576221
0.173588
0.000000
0.111935
0.298889
0.426396
0.980918
0.000000
0.284913
0.180559
0.522940
0.382326
0.964584
0.367088
0.758057
0.986651
0.000000
0.765488
0.000000
0.983752
0.544947
0.231450
0.933919
0.324882
0.993056
0.597827
0.451425
0.374849
0.212826
0.000000
0.000000
0.000000
0.043318
0.000000
0.000000
0.928160
0.361905
0.265517
0.000000
0.649763
0.493591
0.324882
0.479982
0.000000
0.000000
0.231450
0.765488
0.000000
0.000000
0.649763
0.000000
0.231450
0.000000
0.146967
0.000000
0.000000
0.000000
0.271721
0.000000
0.409955
0.000000
0.000000
0.092722
0.649763
0.154117
0.888711
0.986651
0.452475
0.433175
0.409955
0.000000
0.315873
0.000000
0.093912
0.353080
0.812204
0.231450
0.102637
0.982680
0.554714
0.592992
0.000000
0.065199
0.000000
0.333551
alpha-DCG@10
0.386089
0.081220
0.503867
0.847822
0.000000
0.048535
0.231678
0.439808
0.324882
0.103075
0.891335
0.000000
0.263203
0.694110
0.252686
0.501420
0.933919
0.671709
0.000000
0.129953
0.000000
0.425401
0.964584
0.512984
0.284913
0.180559
0.525285
0.000000
0.956879
0.345274
0.752252
0.981847
0.000000
0.518947
0.000000
0.970941
0.552299
0.231450
0.927120
0.409955
0.992520
0.500109
0.527932
0.374849
0.221299
0.000000
0.000000
0.279838
0.085474
0.000000
0.000000
0.981958
0.338798
0.265517
0.000000
0.765488
0.492300
0.324882
0.522119
0.081991
0.324882
0.000000
0.859160
0.000000
0.000000
0.649763
0.000000
0.000000
0.000000
0.146967
0.000000
0.092823
0.000000
0.272499
0.085410
0.216588
0.000000
0.000000
0.092722
0.649763
0.154117
0.882163
0.985406
0.349162
0.465775
0.409955
0.000000
0.315873
0.000000
0.093912
0.369331
0.572396
0.000000
0.300901
0.983165
0.619352
0.568543
0.000000
0.065199
0.324882
0.344518
