alpha-DCG@10
0.435041
0.110152
0.938225
0.822400
0.000000
0.169024
0.208002
0.587402
0.000000
0.323833
0.000000
0.000000
0.393041
0.976991
0.077467
0.407754
0.893541
0.162441
0.000000
0.000000
0.000000
0.572304
0.951773
0.649763
0.000000
0.143182
0.993056
0.000000
0.981715
0.000000
0.968931
0.324882
0.449484
0.861103
0.000000
0.917581
0.000000
0.409955
0.935961
0.000000
0.649763
0.480890
0.204977
0.267832
0.150450
0.000000
0.000000
0.000000
0.245973
0.000000
0.000000
0.000000
0.344896
0.046412
0.000000
0.279838
0.606656
0.000000
0.270735
0.000000
0.000000
0.000000
0.518249
0.000000
0.000000
0.000000
0.000000
0.409955
0.000000
0.000000
0.000000
0.200288
0.000000
0.000000
0.139665
0.000000
0.000000
0.000000
0.083788
0.000000
0.034163
0.000000
0.935961
0.000000
0.469273
0.000000
0.000000
0.389858
0.000000
0.361613
0.152789
0.187824
0.000000
0.046290
0.881454
0.000000
0.550943
0.000000
0.000000
0.000000
0.245755
alpha-DCG@10
0.435041
0.110152
0.879596
0.822400
0.000000
0.094474
0.208002
0.587402
0.000000
0.323833
0.000000
0.000000
0.393041
0.976991
0.095399
0.407754
0.927118
0.162441
0.000000
0.000000
0.476270
0.572304
0.951773
0.649763
0.000000
0.143182
0.993419
0.000000
0.981715
0.000000
0.983752
0.324882
0.520648
0.861103
0.000000
0.924700
0.000000
0.409955
0.935961
0.000000
0.649763
0.480890
0.204977
0.267832
0.150450
0.000000
0.000000
0.649763
0.245973
0.000000
0.000000
0.000000
0.344896
0.046412
0.000000
0.279838
0.606656
0.000000
0.688907
0.000000
0.000000
0.000000
0.339744
0.000000
0.000000
0.000000
0.000000
0.324882
0.000000
0.000000
0.000000
0.212956
0.000000
0.000000
0.139665
0.000000
0.000000
0.000000
0.083788
0.000000
0.034163
0.000000
0.935961
0.000000
0.469273
0.000000
0.000000
0.389858
0.000000
0.294905
0.152789
0.195598
0.000000
0.046290
0.881454
0.000000
0.550943
0.000000
0.000000
0.000000
0.258217
alpha-DCG@10
0.435041
0.110152
0.924700
0.812204
0.000000
0.179919
0.208002
0.587402
0.000000
0.323833
0.000000
0.000000
0.393041
0.988252
0.068326
0.328159
0.939676
0.162441
0.000000
0.000000
0.484420
0.572304
0.951773
0.649763
0.000000
0.143182
0.993419
0.000000
0.997943
0.000000
0.990347
0.324882
0.449484
0.861103
0.000000
0.924700
0.000000
0.409955
0.935961
0.000000
0.649763
0.480890
0.302776
0.267832
0.150450
0.000000
0.000000
0.649763
0.302320
0.000000
0.000000
0.000000
0.294905
0.046412
0.000000
0.279838
0.606656
0.000000
0.270735
0.000000
0.000000
0.000000
0.339744
0.000000
0.000000
0.000000
0.000000
0.409955
0.000000
0.000000
0.000000
0.212956
0.000000
0.000000
0.100545
0.000000
0.000000
0.000000
0.000000
0.000000
0.034163
0.000000
0.935961
0.000000
0.469273
0.000000
0.000000
0.389858
0.000000
0.361613
0.152789
0.216588
0.000000
0.000000
0.881454
0.000000
0.557165
0.000000
0.000000
0.000000
0.255148
alpha-DCG@10
0.435041
0.110152
0.938225
0.847822
0.000000
0.086508
0.208002
0.587402
0.000000
0.323833
0.000000
0.000000
0.393041
0.976991
0.077467
0.407754
0.892712
0.162441
0.000000
0.000000
0.484420
0.572304
0.951773
0.649763
0.000000
0.143182
0.993056
0.000000
0.981715
0.548426
0.990347
0.324882
0.520648
0.861103
0.000000
0.917581
0.000000
0.409955
0.935961
0.000000
0.649763
0.480890
0.401093
0.267832
0.150450
0.000000
0.000000
0.649763
0.245973
0.000000
0.000000
0.000000
0.344896
0.108134
0.000000
0.279838
0.606656
0.000000
0.688907
0.000000
0.000000
0.000000
0.339744
0.000000
0.000000
0.000000
0.000000
0.324882
0.000000
0.000000
0.000000
0.200288
0.644364
0.000000
0.139665
0.000000
0.000000
0.000000
0.083788
0.000000
0.034163
0.000000
0.935961
0.000000
0.469273
0.000000
0.000000
0.389858
0.000000
0.361613
0.152789
0.187824
0.000000
0.046290
0.881454
0.000000
0.550943
0.000000
0.000000
0.000000
0.273496
alpha-DCG@10
0.314161
0.081220
0.829591
0.000000
0.000000
0.094474
0.092823
0.587402
0.000000
0.323833
0.000000
0.000000
0.393041
0.976991
0.077467
0.323647
0.893541
0.162441
0.000000
0.000000
0.484420
0.572304
0.951773
0.854740
0.000000
0.143182
0.993419
0.000000
0.981715
0.548426
0.986787
0.324882
0.520648
0.859160
0.000000
0.917581
0.000000
0.409955
0.935961
0.000000
0.649763
0.479922
0.401093
0.267832
0.150450
0.000000
0.000000
0.649763
0.167903
0.000000
0.000000
0.000000
0.344896
0.106746
0.000000
0.279838
0.487322
0.000000
0.233198
0.000000
0.000000
0.000000
0.433175
0.000000
0.000000
0.000000
0.000000
0.324882
0.000000
0.000000
0.000000
0.200288
0.644364
0.000000
0.000000
0.000000
0.000000
0.000000
0.083788
0.000000
0.034163
0.000000
0.935961
0.000000
0.469273
0.000000
0.000000
0.389858
0.000000
0.361613
0.152789
0.231450
0.000000
0.046290
0.881454
0.000000
0.550943
0.000000
0.000000
0.000000
0.255946
alpha-DCG@10
0.435041
0.000000
0.938225
0.822400
0.000000
0.094474
0.208002
0.587402
0.000000
0.000000
0.000000
0.000000
0.393041
0.976991
0.095399
0.407754
0.893541
0.162441
0.000000
0.000000
0.484420
0.572304
0.951773
0.000000
0.000000
0.143182
0.993056
0.000000
0.981715
0.000000
0.983752
0.324882
0.520648
0.572396
0.000000
0.917581
0.000000
0.409955
0.935961
0.000000
0.649763
0.480890
0.302776
0.267832
0.150450
0.000000
0.000000
0.649763
0.167903
0.000000
0.000000
0.000000
0.344896
0.046412
0.000000
0.279838
0.606656
0.000000
0.688907
0.000000
0.000000
0.000000
0.518249
0.000000
0.000000
0.000000
0.000000
0.324882
0.000000
0.000000
0.000000
0.000000
0.000000
0.000000
0.000000
0.000000
0.000000
0.000000
0.083788
0.000000
0.034163
0.000000
0.935961
0.000000
0.471750
0.000000
0.000000
0.389858
0.000000
0.361613
0.152789
0.195598
0.000000
0.046290
0.881454
0.000000
0.550943
0.000000
0.000000
0.000000
0.243898
alpha-DCG@10
0.435041
0.110152
0.812204
0.812204
0.000000
0.179919
0.092823
0.587402
0.000000
0.323833
0.000000
0.043318
0.393041
0.987323
0.068326
0.323647
0.871022
0.472393
0.000000
0.000000
0.484420
0.572304
0.903640
0.649763
0.000000
0.143182
0.993419
0.000000
0.997943
0.000000
0.985406
0.000000
0.449484
0.902539
0.000000
0.935961
0.000000
0.409955
0.935961
0.000000
0.649763
0.540804
0.487037
0.267832
0.150450
0.000000
0.000000
0.649763
0.389858
0.000000
0.000000
0.000000
0.294905
0.046412
0.000000
0.000000
0.606656
0.000000
0.270735
0.000000
0.000000
0.000000
0.339744
0.000000
0.000000
0.000000
0.000000
0.409955
0.000000
0.000000
0.000000
0.000000
0.000000
0.000000
0.139665
0.000000
0.000000
0.000000
0.000000
0.000000
0.036098
0.000000
0.935961
0.195598
0.487322
0.000000
0.000000
0.389858
0.000000
0.361613
0.161055
0.000000
0.000000
0.000000
0.881454
0.000000
0.557165
0.000000
0.000000
0.195598
0.253219
