stemmer qid ndcg maxLength
paiceHusk 201 0.392918 2981
paiceHusk 202 0.132511 2981
paiceHusk 203 0.548310 2981
paiceHusk 204 0.893193 2981
paiceHusk 205 0.000000 2981
paiceHusk 206 0.313470 2981
paiceHusk 207 0.261364 2981
paiceHusk 208 0.499835 2981
paiceHusk 209 0.046250 2981
paiceHusk 210 0.154371 2981
paiceHusk 211 0.920212 2981
paiceHusk 212 0.000000 2981
paiceHusk 213 0.387827 2981
paiceHusk 214 0.994746 2981
paiceHusk 215 0.212595 2981
paiceHusk 216 0.440845 2981
paiceHusk 217 0.987769 2981
paiceHusk 218 0.766498 2981
paiceHusk 219 0.000000 2981
paiceHusk 220 0.000000 2981
paiceHusk 221 0.747562 2981
paiceHusk 222 0.584917 2981
paiceHusk 223 0.684110 2981
paiceHusk 224 0.409955 2981
paiceHusk 225 0.480791 2981
paiceHusk 226 0.298030 2981
paiceHusk 227 0.912603 2981
paiceHusk 228 0.549874 2981
paiceHusk 229 0.892407 2981
paiceHusk 230 0.572396 2981
paiceHusk 231 0.386700 2981
paiceHusk 232 0.993884 2981
paiceHusk 233 0.000000 2981
paiceHusk 234 0.442782 2981
paiceHusk 235 0.000000 2981
paiceHusk 236 0.995377 2981
paiceHusk 237 0.602479 2981
paiceHusk 238 0.231450 2981
paiceHusk 239 0.593499 2981
paiceHusk 240 0.000000 2981
paiceHusk 241 0.965919 2981
paiceHusk 242 0.607301 2981
paiceHusk 243 0.694154 2981
paiceHusk 244 0.281586 2981
paiceHusk 245 0.221783 2981
paiceHusk 246 0.000000 2981
paiceHusk 247 0.000000 2981
paiceHusk 248 0.000000 2981
paiceHusk 249 0.211491 2981
paiceHusk 250 0.000000 2981
paiceHusk 251 0.187824 2981
paiceHusk 252 0.970941 2981
paiceHusk 253 0.410738 2981
paiceHusk 254 0.342217 2981
paiceHusk 255 0.000000 2981
paiceHusk 256 0.000000 2981
paiceHusk 257 0.476380 2981
paiceHusk 258 0.458357 2981
paiceHusk 259 0.798016 2981
paiceHusk 260 0.000000 2981
paiceHusk 261 0.649763 2981
paiceHusk 262 0.382839 2981
paiceHusk 263 0.854740 2981
paiceHusk 264 0.324882 2981
paiceHusk 265 0.114699 2981
paiceHusk 266 0.752252 2981
paiceHusk 267 0.216588 2981
paiceHusk 268 0.409955 2981
paiceHusk 269 0.000000 2981
paiceHusk 270 0.206997 2981
paiceHusk 271 0.649763 2981
paiceHusk 272 0.225993 2981
paiceHusk 273 0.000000 2981
paiceHusk 274 0.110848 2981
paiceHusk 275 0.126345 2981
paiceHusk 276 0.324882 2981
paiceHusk 277 0.000000 2981
paiceHusk 278 0.000000 2981
paiceHusk 279 0.194583 2981
paiceHusk 280 0.603305 2981
paiceHusk 281 0.113293 2981
paiceHusk 282 0.765488 2981
paiceHusk 283 0.992520 2981
paiceHusk 284 0.975489 2981
paiceHusk 285 0.584357 2981
paiceHusk 286 0.765488 2981
paiceHusk 287 0.649763 2981
paiceHusk 288 0.484814 2981
paiceHusk 289 0.000000 2981
paiceHusk 290 0.373214 2981
paiceHusk 291 0.204813 2981
paiceHusk 292 0.917581 2981
paiceHusk 293 0.535636 2981
paiceHusk 294 0.049364 2981
paiceHusk 295 0.960049 2981
paiceHusk 296 0.959439 2981
paiceHusk 297 0.769966 2981
paiceHusk 298 0.000000 2981
paiceHusk 299 0.281560 2981
paiceHusk 300 0.000000 2981
paiceHusk amean 0.414895 2981
krovetz 201 0.392918 2981
krovetz 202 0.132511 2981
krovetz 203 0.000000 2981
krovetz 204 0.888711 2981
krovetz 205 0.464951 2981
krovetz 206 0.165322 2981
krovetz 207 0.261364 2981
krovetz 208 0.499673 2981
krovetz 209 0.189698 2981
krovetz 210 0.120966 2981
krovetz 211 0.920212 2981
krovetz 212 0.000000 2981
krovetz 213 0.436745 2981
krovetz 214 0.978997 2981
krovetz 215 0.252934 2981
krovetz 216 0.440845 2981
krovetz 217 0.898520 2981
krovetz 218 0.759049 2981
krovetz 219 0.000000 2981
krovetz 220 0.000000 2981
krovetz 221 0.794518 2981
krovetz 222 0.584917 2981
krovetz 223 0.690693 2981
krovetz 224 0.758057 2981
krovetz 225 0.487080 2981
krovetz 226 0.279299 2981
krovetz 227 0.942031 2981
krovetz 228 0.408556 2981
krovetz 229 0.892407 2981
krovetz 230 0.621295 2981
krovetz 231 0.933233 2981
krovetz 232 0.993884 2981
krovetz 233 0.000000 2981
krovetz 234 0.485288 2981
krovetz 235 0.138133 2981
krovetz 236 0.995377 2981
krovetz 237 0.598723 2981
krovetz 238 0.279838 2981
krovetz 239 0.463382 2981
krovetz 240 0.231450 2981
krovetz 241 0.694285 2981
krovetz 242 0.607301 2981
krovetz 243 0.694154 2981
krovetz 244 0.279634 2981
krovetz 245 0.221783 2981
krovetz 246 0.000000 2981
krovetz 247 0.000000 2981
krovetz 248 0.000000 2981
krovetz 249 0.211491 2981
krovetz 250 0.000000 2981
krovetz 251 0.000000 2981
krovetz 252 0.993939 2981
krovetz 253 0.412145 2981
krovetz 254 0.344135 2981
krovetz 255 0.000000 2981
krovetz 256 0.964892 2981
krovetz 257 0.551298 2981
krovetz 258 0.299280 2981
krovetz 259 0.825215 2981
krovetz 260 0.356178 2981
krovetz 261 0.649763 2981
krovetz 262 0.361343 2981
krovetz 263 0.854740 2981
krovetz 264 0.649763 2981
krovetz 265 0.055993 2981
krovetz 266 0.752252 2981
krovetz 267 0.216588 2981
krovetz 268 0.649763 2981
krovetz 269 0.000000 2981
krovetz 270 0.203804 2981
krovetz 271 0.000000 2981
krovetz 272 0.292727 2981
krovetz 273 0.000000 2981
krovetz 274 0.116941 2981
krovetz 275 0.126345 2981
krovetz 276 0.409955 2981
krovetz 277 0.000000 2981
krovetz 278 0.000000 2981
krovetz 279 0.194583 2981
krovetz 280 0.579827 2981
krovetz 281 0.113535 2981
krovetz 282 0.765488 2981
krovetz 283 0.992520 2981
krovetz 284 0.986750 2981
krovetz 285 0.584357 2981
krovetz 286 0.765488 2981
krovetz 287 0.649763 2981
krovetz 288 0.463418 2981
krovetz 289 0.000000 2981
krovetz 290 0.373214 2981
krovetz 291 0.237119 2981
krovetz 292 0.924700 2981
krovetz 293 0.279838 2981
krovetz 294 0.049364 2981
krovetz 295 0.986651 2981
krovetz 296 0.959439 2981
krovetz 297 0.745453 2981
krovetz 298 0.000000 2981
krovetz 299 0.281560 2981
krovetz 300 0.000000 2981
krovetz amean 0.431104 2981
sStripping 201 0.426814 2981
sStripping 202 0.122014 2981
sStripping 203 0.542071 2981
sStripping 204 0.868279 2981
sStripping 205 0.216588 2981
sStripping 206 0.203638 2981
sStripping 207 0.199801 2981
sStripping 208 0.499673 2981
sStripping 209 0.189698 2981
sStripping 210 0.142429 2981
sStripping 211 0.886843 2981
sStripping 212 0.000000 2981
sStripping 213 0.434629 2981
sStripping 214 0.987891 2981
sStripping 215 0.253439 2981
sStripping 216 0.443685 2981
sStripping 217 0.898520 2981
sStripping 218 0.759049 2981
sStripping 219 0.000000 2981
sStripping 220 0.000000 2981
sStripping 221 0.747562 2981
sStripping 222 0.603703 2981
sStripping 223 0.690693 2981
sStripping 224 0.409955 2981
sStripping 225 0.341818 2981
sStripping 226 0.262402 2981
sStripping 227 0.941059 2981
sStripping 228 0.535636 2981
sStripping 229 0.907913 2981
sStripping 230 0.621295 2981
sStripping 231 0.934162 2981
sStripping 232 0.996622 2981
sStripping 233 0.000000 2981
sStripping 234 0.474160 2981
sStripping 235 0.138133 2981
sStripping 236 0.995377 2981
sStripping 237 0.598723 2981
sStripping 238 0.251363 2981
sStripping 239 0.540494 2981
sStripping 240 0.765488 2981
sStripping 241 0.877023 2981
sStripping 242 0.607301 2981
sStripping 243 0.725522 2981
sStripping 244 0.279634 2981
sStripping 245 0.221783 2981
sStripping 246 0.000000 2981
sStripping 247 0.000000 2981
sStripping 248 0.000000 2981
sStripping 249 0.212784 2981
sStripping 250 0.000000 2981
sStripping 251 0.000000 2981
sStripping 252 0.993939 2981
sStripping 253 0.311153 2981
sStripping 254 0.344135 2981
sStripping 255 0.000000 2981
sStripping 256 0.935961 2981
sStripping 257 0.483739 2981
sStripping 258 0.458357 2981
sStripping 259 0.799255 2981
sStripping 260 0.356216 2981
sStripping 261 0.649763 2981
sStripping 262 0.000000 2981
sStripping 263 0.854740 2981
sStripping 264 0.649763 2981
sStripping 265 0.112365 2981
sStripping 266 0.747562 2981
sStripping 267 0.279838 2981
sStripping 268 0.409955 2981
sStripping 269 0.000000 2981
sStripping 270 0.206997 2981
sStripping 271 0.000000 2981
sStripping 272 0.211706 2981
sStripping 273 0.000000 2981
sStripping 274 0.116941 2981
sStripping 275 0.151241 2981
sStripping 276 0.743675 2981
sStripping 277 0.000000 2981
sStripping 278 0.000000 2981
sStripping 279 0.178962 2981
sStripping 280 0.626543 2981
sStripping 281 0.113535 2981
sStripping 282 0.765488 2981
sStripping 283 0.983165 2981
sStripping 284 0.987323 2981
sStripping 285 0.599371 2981
sStripping 286 0.812204 2981
sStripping 287 0.649763 2981
sStripping 288 0.475143 2981
sStripping 289 0.000000 2981
sStripping 290 0.373214 2981
sStripping 291 0.237119 2981
sStripping 292 0.935961 2981
sStripping 293 0.000000 2981
sStripping 294 0.000000 2981
sStripping 295 0.967168 2981
sStripping 296 0.901696 2981
sStripping 297 0.692146 2981
sStripping 298 0.000000 2981
sStripping 299 0.259032 2981
sStripping 300 0.000000 2981
sStripping amean 0.431308 2981
porter2 201 0.396482 2981
porter2 202 0.132511 2981
porter2 203 0.548310 2981
porter2 204 0.893193 2981
porter2 205 0.459082 2981
porter2 206 0.315963 2981
porter2 207 0.199801 2981
porter2 208 0.499673 2981
porter2 209 0.069375 2981
porter2 210 0.152695 2981
porter2 211 0.914343 2981
porter2 212 0.000000 2981
porter2 213 0.420227 2981
porter2 214 0.978997 2981
porter2 215 0.212595 2981
porter2 216 0.440845 2981
porter2 217 0.926853 2981
porter2 218 0.759049 2981
porter2 219 0.000000 2981
porter2 220 0.000000 2981
porter2 221 0.794518 2981
porter2 222 0.584917 2981
porter2 223 0.690693 2981
porter2 224 0.765488 2981
porter2 225 0.488992 2981
porter2 226 0.321329 2981
porter2 227 0.942031 2981
porter2 228 0.525680 2981
porter2 229 0.892407 2981
porter2 230 0.908887 2981
porter2 231 0.933233 2981
porter2 232 0.993884 2981
porter2 233 0.000000 2981
porter2 234 0.485288 2981
porter2 235 0.138133 2981
porter2 236 0.995377 2981
porter2 237 0.598723 2981
porter2 238 0.279838 2981
porter2 239 0.551119 2981
porter2 240 0.231450 2981
porter2 241 0.694285 2981
porter2 242 0.607301 2981
porter2 243 0.694154 2981
porter2 244 0.279634 2981
porter2 245 0.221783 2981
porter2 246 0.000000 2981
porter2 247 0.000000 2981
porter2 248 0.000000 2981
porter2 249 0.212784 2981
porter2 250 0.000000 2981
porter2 251 0.187824 2981
porter2 252 0.993939 2981
porter2 253 0.412145 2981
porter2 254 0.383117 2981
porter2 255 0.000000 2981
porter2 256 0.963034 2981
porter2 257 0.551298 2981
porter2 258 0.292418 2981
porter2 259 0.825215 2981
porter2 260 0.356216 2981
porter2 261 0.649763 2981
porter2 262 0.361343 2981
porter2 263 0.854740 2981
porter2 264 0.649763 2981
porter2 265 0.114699 2981
porter2 266 0.752252 2981
porter2 267 0.216588 2981
porter2 268 0.649763 2981
porter2 269 0.000000 2981
porter2 270 0.206997 2981
porter2 271 0.000000 2981
porter2 272 0.277227 2981
porter2 273 0.720338 2981
porter2 274 0.116941 2981
porter2 275 0.126345 2981
porter2 276 0.649763 2981
porter2 277 0.000000 2981
porter2 278 0.000000 2981
porter2 279 0.178962 2981
porter2 280 0.579827 2981
porter2 281 0.113535 2981
porter2 282 0.765488 2981
porter2 283 0.992520 2981
porter2 284 0.986750 2981
porter2 285 0.599371 2981
porter2 286 0.765488 2981
porter2 287 0.649763 2981
porter2 288 0.484814 2981
porter2 289 0.000000 2981
porter2 290 0.373214 2981
porter2 291 0.237119 2981
porter2 292 0.917581 2981
porter2 293 0.649763 2981
porter2 294 0.049364 2981
porter2 295 0.985406 2981
porter2 296 0.960411 2981
porter2 297 0.768992 2981
porter2 298 0.576924 2981
porter2 299 0.259032 2981
porter2 300 0.000000 2981
porter2 amean 0.463580 2981
lovins 201 0.287592 2981
lovins 202 0.114179 2981
lovins 203 0.485899 2981
lovins 204 0.000000 2981
lovins 205 0.464951 2981
lovins 206 0.315963 2981
lovins 207 0.199801 2981
lovins 208 0.499673 2981
lovins 209 0.069375 2981
lovins 210 0.159787 2981
lovins 211 0.920212 2981
lovins 212 0.000000 2981
lovins 213 0.432537 2981
lovins 214 0.978997 2981
lovins 215 0.258557 2981
lovins 216 0.476505 2981
lovins 217 0.934093 2981
lovins 218 0.819367 2981
lovins 219 0.000000 2981
lovins 220 0.000000 2981
lovins 221 0.794518 2981
lovins 222 0.586476 2981
lovins 223 0.684110 2981
lovins 224 0.765488 2981
lovins 225 0.480791 2981
lovins 226 0.281133 2981
lovins 227 0.941059 2981
lovins 228 0.000000 2981
lovins 229 0.892407 2981
lovins 230 0.908887 2981
lovins 231 0.933233 2981
lovins 232 0.993884 2981
lovins 233 0.000000 2981
lovins 234 0.353851 2981
lovins 235 0.000000 2981
lovins 236 0.996112 2981
lovins 237 0.598723 2981
lovins 238 0.195598 2981
lovins 239 0.463382 2981
lovins 240 0.231450 2981
lovins 241 0.694285 2981
lovins 242 0.603747 2981
lovins 243 0.694154 2981
lovins 244 0.279634 2981
lovins 245 0.221783 2981
lovins 246 0.000000 2981
lovins 247 0.000000 2981
lovins 248 0.000000 2981
lovins 249 0.116235 2981
lovins 250 0.000000 2981
lovins 251 0.000000 2981
lovins 252 0.982680 2981
lovins 253 0.412145 2981
lovins 254 0.383117 2981
lovins 255 0.000000 2981
lovins 256 0.924700 2981
lovins 257 0.551220 2981
lovins 258 0.299280 2981
lovins 259 0.698818 2981
lovins 260 0.360873 2981
lovins 261 0.409955 2981
lovins 262 0.231450 2981
lovins 263 0.854740 2981
lovins 264 0.649763 2981
lovins 265 0.000000 2981
lovins 266 0.758057 2981
lovins 267 0.216588 2981
lovins 268 0.649763 2981
lovins 269 0.000000 2981
lovins 270 0.203804 2981
lovins 271 0.649763 2981
lovins 272 0.225993 2981
lovins 273 0.728110 2981
lovins 274 0.110848 2981
lovins 275 0.000000 2981
lovins 276 0.649763 2981
lovins 277 0.000000 2981
lovins 278 0.000000 2981
lovins 279 0.194583 2981
lovins 280 0.579827 2981
lovins 281 0.113293 2981
lovins 282 0.765488 2981
lovins 283 0.992520 2981
lovins 284 0.975489 2981
lovins 285 0.599371 2981
lovins 286 0.765488 2981
lovins 287 0.649763 2981
lovins 288 0.473397 2981
lovins 289 0.000000 2981
lovins 290 0.373214 2981
lovins 291 0.476059 2981
lovins 292 0.912603 2981
lovins 293 0.649763 2981
lovins 294 0.049364 2981
lovins 295 0.986651 2981
lovins 296 0.868279 2981
lovins 297 0.769966 2981
lovins 298 0.000000 2981
lovins 299 0.281560 2981
lovins 300 0.000000 2981
lovins amean 0.435565 2981
wikt 201 0.392918 2981
wikt 202 0.108058 2981
wikt 203 0.576221 2981
wikt 204 0.894265 2981
wikt 205 0.000000 2981
wikt 206 0.313470 2981
wikt 207 0.261364 2981
wikt 208 0.499673 2981
wikt 209 0.046250 2981
wikt 210 0.000000 2981
wikt 211 0.653736 2981
wikt 212 0.000000 2981
wikt 213 0.436745 2981
wikt 214 0.978997 2981
wikt 215 0.252934 2981
wikt 216 0.440845 2981
wikt 217 0.934093 2981
wikt 218 0.756560 2981
wikt 219 0.000000 2981
wikt 220 0.000000 2981
wikt 221 0.794518 2981
wikt 222 0.584917 2981
wikt 223 0.690693 2981
wikt 224 0.000000 2981
wikt 225 0.480187 2981
wikt 226 0.251105 2981
wikt 227 0.912603 2981
wikt 228 0.400807 2981
wikt 229 0.892407 2981
wikt 230 0.621295 2981
wikt 231 0.932990 2981
wikt 232 0.993884 2981
wikt 233 0.000000 2981
wikt 234 0.789682 2981
wikt 235 0.000000 2981
wikt 236 0.995377 2981
wikt 237 0.598723 2981
wikt 238 0.279838 2981
wikt 239 0.612714 2981
wikt 240 0.000000 2981
wikt 241 0.694285 2981
wikt 242 0.607301 2981
wikt 243 0.725522 2981
wikt 244 0.279634 2981
wikt 245 0.221783 2981
wikt 246 0.000000 2981
wikt 247 0.000000 2981
wikt 248 0.000000 2981
wikt 249 0.133879 2981
wikt 250 0.000000 2981
wikt 251 0.187824 2981
wikt 252 0.993939 2981
wikt 253 0.412145 2981
wikt 254 0.342217 2981
wikt 255 0.000000 2981
wikt 256 0.907785 2981
wikt 257 0.551298 2981
wikt 258 0.299280 2981
wikt 259 0.824441 2981
wikt 260 0.168384 2981
wikt 261 0.649763 2981
wikt 262 0.361343 2981
wikt 263 0.854740 2981
wikt 264 0.649763 2981
wikt 265 0.055993 2981
wikt 266 0.752252 2981
wikt 267 0.216588 2981
wikt 268 0.649763 2981
wikt 269 0.000000 2981
wikt 270 0.206997 2981
wikt 271 0.649763 2981
wikt 272 0.040130 2981
wikt 273 0.000000 2981
wikt 274 0.111335 2981
wikt 275 0.000000 2981
wikt 276 0.324882 2981
wikt 277 0.000000 2981
wikt 278 0.000000 2981
wikt 279 0.194583 2981
wikt 280 0.579827 2981
wikt 281 0.113535 2981
wikt 282 0.765488 2981
wikt 283 0.992520 2981
wikt 284 0.986750 2981
wikt 285 0.599371 2981
wikt 286 0.765488 2981
wikt 287 0.649763 2981
wikt 288 0.475143 2981
wikt 289 0.000000 2981
wikt 290 0.373214 2981
wikt 291 0.429131 2981
wikt 292 0.924700 2981
wikt 293 0.649763 2981
wikt 294 0.049364 2981
wikt 295 0.985406 2981
wikt 296 0.959439 2981
wikt 297 0.745453 2981
wikt 298 0.000000 2981
wikt 299 0.281560 2981
wikt 300 0.000000 2981
wikt amean 0.427714 2981
none 201 0.392918 2981
none 202 0.132511 2981
none 203 0.671286 2981
none 204 0.543397 2981
none 205 0.324882 2981
none 206 0.272925 2981
none 207 0.199801 2981
none 208 0.499673 2981
none 209 0.318019 2981
none 210 0.135338 2981
none 211 0.914343 2981
none 212 0.050659 2981
none 213 0.436745 2981
none 214 0.938049 2981
none 215 0.253439 2981
none 216 0.443706 2981
none 217 0.918998 2981
none 218 0.487322 2981
none 219 0.000000 2981
none 220 0.262159 2981
none 221 0.743675 2981
none 222 0.603703 2981
none 223 0.683574 2981
none 224 0.409955 2981
none 225 0.487080 2981
none 226 0.259734 2981
none 227 0.942031 2981
none 228 0.000000 2981
none 229 0.907913 2981
none 230 0.572396 2981
none 231 0.933526 2981
none 232 0.991276 2981
none 233 0.000000 2981
none 234 0.532875 2981
none 235 0.000000 2981
none 236 0.993884 2981
none 237 0.623340 2981
none 238 0.251363 2981
none 239 0.540494 2981
none 240 0.775444 2981
none 241 0.973037 2981
none 242 0.590433 2981
none 243 0.695927 2981
none 244 0.279634 2981
none 245 0.230686 2981
none 246 0.000000 2981
none 247 0.000000 2981
none 248 0.216588 2981
none 249 0.212624 2981
none 250 0.000000 2981
none 251 0.251363 2981
none 252 0.995377 2981
none 253 0.311153 2981
none 254 0.344135 2981
none 255 0.000000 2981
none 256 0.917581 2981
none 257 0.483739 2981
none 258 0.458357 2981
none 259 0.799255 2981
none 260 0.356216 2981
none 261 0.649763 2981
none 262 0.000000 2981
none 263 0.854740 2981
none 264 0.649763 2981
none 265 0.000000 2981
none 266 0.833307 2981
none 267 0.251363 2981
none 268 0.409955 2981
none 269 0.000000 2981
none 270 0.206997 2981
none 271 0.000000 2981
none 272 0.107411 2981
none 273 0.000000 2981
none 274 0.124698 2981
none 275 0.126345 2981
none 276 0.747562 2981
none 277 0.000000 2981
none 278 0.000000 2981
none 279 0.178962 2981
none 280 0.569493 2981
none 281 0.113535 2981
none 282 0.840926 2981
none 283 0.983752 2981
none 284 0.987959 2981
none 285 0.706479 2981
none 286 0.324882 2981
none 287 0.649763 2981
none 288 0.473397 2981
none 289 0.000000 2981
none 290 0.373214 2981
none 291 0.237119 2981
none 292 0.924700 2981
none 293 0.000000 2981
none 294 0.093435 2981
none 295 0.960049 2981
none 296 0.819635 2981
none 297 0.692146 2981
none 298 0.000000 2981
none 299 0.259032 2981
none 300 0.000000 2981
none amean 0.427149 2981
