alpha-DCG@10
0.405864
0.062841
0.556794
0.894991
0.000000
0.088714
0.227143
0.488252
0.043318
0.086747
0.975044
0.000000
0.265774
0.997943
0.134884
0.438168
0.986062
0.757071
0.000000
0.086635
0.298889
0.585643
0.677704
0.649763
0.314885
0.244834
0.937053
0.535636
0.892407
0.324882
0.359656
0.993884
0.000000
0.470285
0.000000
0.991818
0.579863
0.279838
0.666805
0.000000
0.981129
0.545868
0.719470
0.300262
0.176243
0.000000
0.000000
0.000000
0.112005
0.000000
0.000000
0.970941
0.407956
0.314816
0.000000
0.000000
0.537129
0.359861
0.788632
0.000000
0.409955
0.359656
0.649763
0.324882
0.129953
0.649763
0.231450
0.195598
0.000000
0.208843
0.216588
0.132611
0.000000
0.115249
0.132263
0.289510
0.000000
0.000000
0.270659
0.875044
0.112830
0.758057
0.993884
0.983573
0.867537
0.549874
0.251363
0.320427
0.000000
0.331916
0.388973
0.917581
0.279838
0.000000
0.958737
0.949150
0.631979
0.000000
0.249399
0.000000
0.382513
alpha-DCG@10
0.405864
0.062841
0.000000
0.894265
0.575979
0.086508
0.228483
0.488252
0.182335
0.086747
0.975044
0.000000
0.274742
0.981515
0.161559
0.438168
0.775444
0.753512
0.000000
0.086635
0.204977
0.585643
0.677704
0.649763
0.221389
0.270700
0.953770
0.353851
0.892407
0.382326
0.675121
0.993884
0.000000
0.532875
0.000000
0.991818
0.579474
0.409955
0.666805
0.231450
0.981129
0.545868
0.719470
0.300262
0.176243
0.000000
0.000000
0.000000
0.130305
0.000000
0.000000
0.993939
0.407956
0.314816
0.000000
0.935961
0.531927
0.239957
0.815831
0.279242
0.409955
0.314387
0.649763
0.649763
0.129953
0.649763
0.204977
0.204977
0.000000
0.199452
0.000000
0.132611
0.000000
0.114239
0.132263
0.518249
0.000000
0.000000
0.278166
0.875044
0.112830
0.758057
0.993884
0.981715
0.867537
0.549874
0.251363
0.320427
0.000000
0.330944
0.388973
0.924700
0.000000
0.037565
0.967381
0.950322
0.631979
0.000000
0.237803
0.000000
0.398736
alpha-DCG@10
0.405864
0.062841
0.542071
0.561475
0.345274
0.110486
0.157323
0.488252
0.182335
0.085451
0.682262
0.000000
0.274742
0.996335
0.162527
0.441010
0.775444
0.753512
0.000000
0.078239
0.204977
0.545730
0.677704
0.649763
0.221389
0.253966
0.943203
0.525680
0.907913
0.382326
0.674535
0.996475
0.000000
0.487831
0.000000
0.991818
0.579474
0.409955
0.676255
0.649763
0.981129
0.545868
0.690123
0.326794
0.173270
0.000000
0.000000
0.000000
0.113291
0.000000
0.000000
0.993939
0.325599
0.314816
0.000000
0.924700
0.531010
0.359861
0.789871
0.286197
0.409955
0.000000
0.649763
0.649763
0.134411
0.649763
0.279838
0.204977
0.000000
0.199452
0.000000
0.132611
0.000000
0.111766
0.137959
0.649763
0.000000
0.000000
0.288122
0.924700
0.112830
0.758057
0.984477
0.980918
0.872283
0.812204
0.279838
0.320427
0.000000
0.330944
0.388973
0.935961
0.000000
0.000000
0.946512
0.854740
0.609571
0.000000
0.240705
0.000000
0.400920
alpha-DCG@10
0.424117
0.062841
0.556794
0.892407
0.576221
0.085397
0.157323
0.487766
0.182335
0.086747
0.975044
0.000000
0.257224
0.993139
0.134493
0.438168
0.908879
0.753512
0.000000
0.086635
0.298889
0.585643
0.677704
0.649763
0.314885
0.221690
0.943203
0.525680
0.892407
0.824344
0.675121
0.993884
0.000000
0.483144
0.000000
0.991818
0.579474
0.409955
0.667977
0.231450
0.981129
0.545868
0.690123
0.326794
0.176243
0.000000
0.000000
0.000000
0.130305
0.000000
0.000000
0.993939
0.407956
0.345983
0.000000
0.935961
0.531927
0.236398
0.812897
0.277188
0.409955
0.314387
0.649763
0.649763
0.134411
0.649763
0.231450
0.204977
0.000000
0.199452
0.000000
0.132611
0.719078
0.119708
0.115249
0.409955
0.000000
0.000000
0.270659
0.875044
0.112830
0.758057
0.993884
0.983573
0.867537
0.549874
0.279838
0.320427
0.000000
0.330944
0.388973
0.924700
0.279838
0.037565
0.967381
0.950322
0.631979
0.789682
0.237803
0.000000
0.429102
alpha-DCG@10
0.296190
0.054147
0.487071
0.000000
0.509379
0.112229
0.185266
0.488252
0.182335
0.085451
0.975044
0.000000
0.263994
0.980410
0.166139
0.472559
0.932507
0.811704
0.000000
0.081991
0.298889
0.585643
0.677704
0.649763
0.314010
0.232056
0.945076
0.000000
0.892407
0.824344
0.674535
0.993884
0.000000
0.400807
0.000000
0.995109
0.579474
0.231450
0.666805
0.195598
0.981129
0.542674
0.690123
0.328737
0.173270
0.000000
0.000000
0.000000
0.037565
0.000000
0.000000
0.989035
0.407956
0.345983
0.000000
0.924700
0.530934
0.236398
0.489067
0.277188
0.251363
0.216588
0.649763
0.649763
0.000000
0.649763
0.216588
0.204977
0.000000
0.208843
0.204977
0.117249
0.719078
0.107133
0.000000
0.518249
0.000000
0.000000
0.270735
0.875044
0.112830
0.758057
0.993884
0.983573
0.867537
0.549874
0.279838
0.320427
0.000000
0.330944
0.388973
0.912603
0.279838
0.037565
0.967381
0.864404
0.631979
0.000000
0.249399
0.000000
0.395862
alpha-DCG@10
0.405864
0.051244
0.561961
0.894991
0.216588
0.115546
0.228483
0.487766
0.043318
0.000000
0.641646
0.000000
0.274742
0.980557
0.161559
0.438168
0.976698
0.757071
0.000000
0.086635
0.298889
0.585643
0.677704
0.000000
0.314401
0.239487
0.937053
0.429282
0.892407
0.382326
0.674535
0.993884
0.000000
0.535636
0.000000
0.991818
0.575492
0.409955
0.667977
0.000000
0.981129
0.545868
0.690123
0.326794
0.176243
0.000000
0.000000
0.000000
0.037565
0.000000
0.000000
0.993939
0.407956
0.314816
0.000000
0.924700
0.531927
0.239957
0.815057
0.037565
0.409955
0.314387
0.649763
0.409955
0.129953
0.649763
0.204977
0.204977
0.000000
0.208843
0.204977
0.119045
0.000000
0.114239
0.000000
0.409955
0.000000
0.000000
0.270659
0.875044
0.112830
0.758057
0.993884
0.983573
0.872283
0.549874
0.251363
0.319958
0.000000
0.330944
0.388973
0.924700
0.279838
0.000000
0.967381
0.949150
0.631979
0.000000
0.244421
0.000000
0.386887
alpha-DCG@10
0.405864
0.062841
0.642355
0.886357
0.279838
0.108827
0.185266
0.488252
0.375926
0.086747
0.975044
0.000000
0.274742
0.991847
0.163765
0.441010
0.765488
0.487322
0.000000
0.259905
0.204977
0.545730
0.683817
0.649763
0.315504
0.237342
0.954942
0.000000
0.907913
0.324882
0.664168
0.992520
0.000000
0.529160
0.000000
0.986651
0.586607
0.409955
0.676255
0.649763
0.981129
0.546969
0.692300
0.326794
0.180225
0.000000
0.000000
0.231450
0.135278
0.000000
0.251363
0.995377
0.325599
0.314816
0.000000
0.959439
0.531010
0.359861
0.789871
0.277188
0.204977
0.000000
0.649763
0.649763
0.000000
0.758057
0.251363
0.187824
0.000000
0.208843
0.000000
0.133071
0.000000
0.125403
0.132263
0.649763
0.000000
0.000000
0.288122
0.917581
0.112830
0.838581
0.984477
0.984541
0.802714
0.324882
0.279838
0.319958
0.000000
0.330944
0.349588
0.924700
0.000000
0.187127
0.946512
0.809301
0.609571
0.000000
0.244421
0.000000
0.403068
