alpha-DCG@10
0.392918
0.062841
0.548310
0.893193
0.000000
0.313470
0.237462
0.498197
0.043318
0.152304
0.920212
0.000000
0.387810
0.994746
0.136606
0.438168
0.987769
0.766498
0.000000
0.000000
0.747562
0.584828
0.684110
0.409955
0.311503
0.216124
0.912603
0.549874
0.892407
0.572396
0.386700
0.993884
0.000000
0.442782
0.000000
0.995377
0.601801
0.231450
0.593499
0.000000
0.965919
0.545868
0.688364
0.280350
0.173270
0.000000
0.000000
0.000000
0.192010
0.000000
0.187824
0.970941
0.406563
0.332312
0.000000
0.000000
0.462881
0.376126
0.798016
0.000000
0.649763
0.382839
0.854740
0.324882
0.114647
0.752252
0.216588
0.409955
0.000000
0.182437
0.649763
0.151105
0.000000
0.101551
0.115249
0.324882
0.000000
0.000000
0.176620
0.603305
0.113286
0.765488
0.992520
0.975489
0.584357
0.765488
0.649763
0.483691
0.000000
0.333088
0.185647
0.917581
0.535636
0.043318
0.960049
0.959439
0.767994
0.000000
0.281485
0.000000
0.406060
alpha-DCG@10
0.392918
0.062841
0.000000
0.888711
0.464951
0.165322
0.237462
0.498035
0.177670
0.119346
0.920212
0.000000
0.436725
0.978997
0.162527
0.438168
0.898520
0.759049
0.000000
0.000000
0.794518
0.584828
0.690693
0.758057
0.315578
0.202541
0.942031
0.408556
0.892407
0.621295
0.933233
0.993884
0.000000
0.485288
0.097799
0.995377
0.598050
0.279838
0.463382
0.231450
0.694285
0.545868
0.688364
0.278406
0.173270
0.000000
0.000000
0.000000
0.192010
0.000000
0.000000
0.993939
0.407956
0.334175
0.000000
0.964892
0.535676
0.245588
0.825215
0.355159
0.649763
0.361343
0.854740
0.649763
0.055968
0.752252
0.216588
0.649763
0.000000
0.179623
0.000000
0.195725
0.000000
0.107133
0.115249
0.409955
0.000000
0.000000
0.176620
0.579827
0.113528
0.765488
0.992520
0.986750
0.584357
0.765488
0.649763
0.462345
0.000000
0.333088
0.214929
0.924700
0.279838
0.043318
0.986651
0.959439
0.743544
0.000000
0.281485
0.000000
0.421666
alpha-DCG@10
0.426814
0.057863
0.542071
0.868279
0.216588
0.203638
0.181529
0.498035
0.177670
0.140522
0.886843
0.000000
0.434609
0.987891
0.162851
0.440990
0.898520
0.759049
0.000000
0.000000
0.747562
0.603610
0.690693
0.409955
0.221463
0.190288
0.941059
0.535636
0.907913
0.621295
0.934162
0.996622
0.000000
0.474160
0.097799
0.995377
0.598050
0.251363
0.540494
0.765488
0.877023
0.545868
0.719470
0.278406
0.173270
0.000000
0.000000
0.000000
0.193184
0.000000
0.000000
0.993939
0.307990
0.334175
0.000000
0.935961
0.470031
0.376126
0.799255
0.355197
0.649763
0.000000
0.854740
0.649763
0.112315
0.747562
0.279838
0.409955
0.000000
0.182437
0.000000
0.141552
0.000000
0.107133
0.137959
0.743675
0.000000
0.000000
0.162441
0.626543
0.113528
0.765488
0.983165
0.987323
0.599371
0.812204
0.649763
0.474042
0.000000
0.333088
0.214929
0.935961
0.000000
0.000000
0.967168
0.901696
0.690373
0.000000
0.258963
0.000000
0.422594
alpha-DCG@10
0.396482
0.062841
0.548310
0.893193
0.459082
0.315963
0.181529
0.498035
0.064976
0.150650
0.914343
0.000000
0.420208
0.978997
0.136606
0.438168
0.926853
0.759049
0.000000
0.000000
0.794518
0.584828
0.690693
0.765488
0.316817
0.233019
0.942031
0.525680
0.892407
0.908887
0.933233
0.993884
0.000000
0.485288
0.097799
0.995377
0.598050
0.279838
0.551119
0.231450
0.694285
0.545868
0.688364
0.278406
0.173270
0.000000
0.000000
0.000000
0.193184
0.000000
0.187824
0.993939
0.407956
0.372029
0.000000
0.963034
0.535676
0.239957
0.825215
0.355197
0.649763
0.361343
0.854740
0.649763
0.114647
0.752252
0.216588
0.649763
0.000000
0.182437
0.000000
0.185361
0.714744
0.107133
0.115249
0.649763
0.000000
0.000000
0.162441
0.579827
0.113528
0.765488
0.992520
0.986750
0.599371
0.765488
0.649763
0.483691
0.000000
0.333088
0.214929
0.917581
0.649763
0.043318
0.985406
0.960411
0.767022
0.576924
0.258963
0.000000
0.454297
alpha-DCG@10
0.287592
0.054147
0.485899
0.000000
0.464951
0.315963
0.181529
0.498035
0.064976
0.157647
0.920212
0.000000
0.432517
0.978997
0.166139
0.473610
0.934093
0.819367
0.000000
0.000000
0.794518
0.586386
0.684110
0.765488
0.311503
0.203871
0.941059
0.000000
0.892407
0.908887
0.933233
0.993884
0.000000
0.353851
0.000000
0.996112
0.598050
0.195598
0.463382
0.231450
0.694285
0.542674
0.688364
0.278406
0.173270
0.000000
0.000000
0.000000
0.105528
0.000000
0.000000
0.982680
0.407956
0.372029
0.000000
0.924700
0.535600
0.245588
0.698818
0.359841
0.409955
0.231450
0.854740
0.649763
0.000000
0.758057
0.216588
0.649763
0.000000
0.179623
0.649763
0.151105
0.722456
0.101551
0.000000
0.649763
0.000000
0.000000
0.176620
0.579827
0.113286
0.765488
0.992520
0.975489
0.599371
0.765488
0.649763
0.472301
0.000000
0.333088
0.431509
0.912603
0.649763
0.043318
0.986651
0.868279
0.767994
0.000000
0.281485
0.000000
0.426886
alpha-DCG@10
0.392918
0.051244
0.576221
0.894265
0.000000
0.313470
0.237462
0.498035
0.043318
0.000000
0.653736
0.000000
0.436725
0.978997
0.162527
0.438168
0.934093
0.756560
0.000000
0.000000
0.794518
0.584828
0.690693
0.000000
0.311112
0.182095
0.912603
0.400807
0.892407
0.621295
0.932990
0.993884
0.000000
0.789682
0.000000
0.995377
0.598050
0.279838
0.612714
0.000000
0.694285
0.545868
0.719470
0.278406
0.173270
0.000000
0.000000
0.000000
0.121547
0.000000
0.187824
0.993939
0.407956
0.332312
0.000000
0.907785
0.535676
0.245588
0.824441
0.167903
0.649763
0.361343
0.854740
0.649763
0.055968
0.752252
0.216588
0.649763
0.000000
0.182437
0.649763
0.026832
0.000000
0.101997
0.000000
0.324882
0.000000
0.000000
0.176620
0.579827
0.113528
0.765488
0.992520
0.986750
0.599371
0.765488
0.649763
0.474042
0.000000
0.333088
0.388973
0.924700
0.649763
0.043318
0.985406
0.959439
0.743544
0.000000
0.281485
0.000000
0.419861
alpha-DCG@10
0.392918
0.062841
0.671286
0.543397
0.324882
0.272925
0.181529
0.498035
0.297855
0.133525
0.914343
0.039120
0.436725
0.938049
0.162851
0.441010
0.918998
0.487322
0.000000
0.259905
0.743675
0.603610
0.683574
0.409955
0.315578
0.188353
0.942031
0.000000
0.907913
0.572396
0.933526
0.991276
0.000000
0.532875
0.000000
0.993884
0.622639
0.251363
0.540494
0.775444
0.973037
0.530706
0.690123
0.278406
0.180225
0.000000
0.000000
0.216588
0.193039
0.000000
0.251363
0.995377
0.307990
0.334175
0.000000
0.917581
0.470031
0.376126
0.799255
0.355197
0.649763
0.000000
0.854740
0.649763
0.000000
0.833307
0.251363
0.409955
0.000000
0.182437
0.000000
0.071818
0.000000
0.114239
0.115249
0.747562
0.000000
0.000000
0.162441
0.569493
0.113528
0.840926
0.983752
0.987959
0.706479
0.324882
0.649763
0.472301
0.000000
0.333088
0.214929
0.924700
0.000000
0.081991
0.960049
0.819635
0.690373
0.000000
0.258963
0.000000
0.418308
