stemmer qid ndcg maxLength
paiceHusk 251 0.000000 20
paiceHusk 252 0.000000 20
paiceHusk 253 0.348438 20
paiceHusk 254 0.047795 20
paiceHusk 255 0.000000 20
paiceHusk 256 0.279838 20
paiceHusk 257 0.624347 20
paiceHusk 258 0.000000 20
paiceHusk 259 0.270735 20
paiceHusk 260 0.000000 20
paiceHusk 261 0.000000 20
paiceHusk 262 0.000000 20
paiceHusk 263 0.409955 20
paiceHusk 264 0.000000 20
paiceHusk 265 0.000000 20
paiceHusk 266 0.000000 20
paiceHusk 267 0.000000 20
paiceHusk 268 0.324882 20
paiceHusk 269 0.000000 20
paiceHusk 270 0.000000 20
paiceHusk 271 0.000000 20
paiceHusk 272 0.299552 20
paiceHusk 273 0.000000 20
paiceHusk 274 0.000000 20
paiceHusk 275 0.153111 20
paiceHusk 276 0.000000 20
paiceHusk 277 0.000000 20
paiceHusk 278 0.000000 20
paiceHusk 279 0.092309 20
paiceHusk 280 0.000000 20
paiceHusk 281 0.034165 20
paiceHusk 282 0.000000 20
paiceHusk 283 0.935961 20
paiceHusk 284 0.000000 20
paiceHusk 285 0.479815 20
paiceHusk 286 0.000000 20
paiceHusk 287 0.000000 20
paiceHusk 288 0.390763 20
paiceHusk 289 0.000000 20
paiceHusk 290 0.405175 20
paiceHusk 291 0.168563 20
paiceHusk 292 0.000000 20
paiceHusk 293 0.000000 20
paiceHusk 294 0.052751 20
paiceHusk 295 0.881454 20
paiceHusk 296 0.000000 20
paiceHusk 297 0.558596 20
paiceHusk 298 0.000000 20
paiceHusk 299 0.000000 20
paiceHusk 300 0.000000 20
paiceHusk amean 0.135164 20
krovetz 251 0.000000 20
krovetz 252 0.000000 20
krovetz 253 0.348438 20
krovetz 254 0.047795 20
krovetz 255 0.000000 20
krovetz 256 0.251363 20
krovetz 257 0.624347 20
krovetz 258 0.000000 20
krovetz 259 0.688907 20
krovetz 260 0.000000 20
krovetz 261 0.000000 20
krovetz 262 0.000000 20
krovetz 263 0.319076 20
krovetz 264 0.000000 20
krovetz 265 0.000000 20
krovetz 266 0.000000 20
krovetz 267 0.000000 20
krovetz 268 0.324882 20
krovetz 269 0.000000 20
krovetz 270 0.000000 20
krovetz 271 0.000000 20
krovetz 272 0.318498 20
krovetz 273 0.000000 20
krovetz 274 0.000000 20
krovetz 275 0.153111 20
krovetz 276 0.000000 20
krovetz 277 0.000000 20
krovetz 278 0.000000 20
krovetz 279 0.092309 20
krovetz 280 0.000000 20
krovetz 281 0.034165 20
krovetz 282 0.000000 20
krovetz 283 0.935961 20
krovetz 284 0.000000 20
krovetz 285 0.479815 20
krovetz 286 0.000000 20
krovetz 287 0.000000 20
krovetz 288 0.390763 20
krovetz 289 0.000000 20
krovetz 290 0.330431 20
krovetz 291 0.168563 20
krovetz 292 0.000000 20
krovetz 293 0.000000 20
krovetz 294 0.000000 20
krovetz 295 0.881454 20
krovetz 296 0.000000 20
krovetz 297 0.552358 20
krovetz 298 0.000000 20
krovetz 299 0.000000 20
krovetz 300 0.000000 20
krovetz amean 0.138845 20
sStripping 251 0.000000 20
sStripping 252 0.000000 20
sStripping 253 0.297934 20
sStripping 254 0.047795 20
sStripping 255 0.000000 20
sStripping 256 0.251363 20
sStripping 257 0.624347 20
sStripping 258 0.000000 20
sStripping 259 0.270735 20
sStripping 260 0.000000 20
sStripping 261 0.000000 20
sStripping 262 0.000000 20
sStripping 263 0.339744 20
sStripping 264 0.000000 20
sStripping 265 0.000000 20
sStripping 266 0.000000 20
sStripping 267 0.000000 20
sStripping 268 0.324882 20
sStripping 269 0.000000 20
sStripping 270 0.000000 20
sStripping 271 0.000000 20
sStripping 272 0.318498 20
sStripping 273 0.000000 20
sStripping 274 0.000000 20
sStripping 275 0.110225 20
sStripping 276 0.000000 20
sStripping 277 0.000000 20
sStripping 278 0.000000 20
sStripping 279 0.000000 20
sStripping 280 0.000000 20
sStripping 281 0.034165 20
sStripping 282 0.000000 20
sStripping 283 0.935961 20
sStripping 284 0.000000 20
sStripping 285 0.479815 20
sStripping 286 0.000000 20
sStripping 287 0.000000 20
sStripping 288 0.390763 20
sStripping 289 0.000000 20
sStripping 290 0.405175 20
sStripping 291 0.168563 20
sStripping 292 0.000000 20
sStripping 293 0.000000 20
sStripping 294 0.000000 20
sStripping 295 0.881454 20
sStripping 296 0.000000 20
sStripping 297 0.558596 20
sStripping 298 0.000000 20
sStripping 299 0.000000 20
sStripping 300 0.204977 20
sStripping amean 0.132900 20
porter2 251 0.000000 20
porter2 252 0.000000 20
porter2 253 0.348438 20
porter2 254 0.111357 20
porter2 255 0.000000 20
porter2 256 0.216588 20
porter2 257 0.624347 20
porter2 258 0.000000 20
porter2 259 0.688907 20
porter2 260 0.000000 20
porter2 261 0.000000 20
porter2 262 0.000000 20
porter2 263 0.319076 20
porter2 264 0.000000 20
porter2 265 0.000000 20
porter2 266 0.000000 20
porter2 267 0.000000 20
porter2 268 0.324882 20
porter2 269 0.000000 20
porter2 270 0.000000 20
porter2 271 0.000000 20
porter2 272 0.299552 20
porter2 273 0.649407 20
porter2 274 0.000000 20
porter2 275 0.153111 20
porter2 276 0.000000 20
porter2 277 0.000000 20
porter2 278 0.000000 20
porter2 279 0.092309 20
porter2 280 0.000000 20
porter2 281 0.034165 20
porter2 282 0.000000 20
porter2 283 0.935961 20
porter2 284 0.000000 20
porter2 285 0.475069 20
porter2 286 0.000000 20
porter2 287 0.000000 20
porter2 288 0.390763 20
porter2 289 0.000000 20
porter2 290 0.405175 20
porter2 291 0.168563 20
porter2 292 0.000000 20
porter2 293 0.000000 20
porter2 294 0.052751 20
porter2 295 0.881454 20
porter2 296 0.000000 20
porter2 297 0.552358 20
porter2 298 0.000000 20
porter2 299 0.000000 20
porter2 300 0.000000 20
porter2 amean 0.154485 20
lovins 251 0.000000 20
lovins 252 0.000000 20
lovins 253 0.348438 20
lovins 254 0.075388 20
lovins 255 0.000000 20
lovins 256 0.279838 20
lovins 257 0.624347 20
lovins 258 0.000000 20
lovins 259 0.233198 20
lovins 260 0.000000 20
lovins 261 0.000000 20
lovins 262 0.000000 20
lovins 263 0.319076 20
lovins 264 0.000000 20
lovins 265 0.000000 20
lovins 266 0.000000 20
lovins 267 0.000000 20
lovins 268 0.324882 20
lovins 269 0.000000 20
lovins 270 0.000000 20
lovins 271 0.000000 20
lovins 272 0.299552 20
lovins 273 0.661153 20
lovins 274 0.000000 20
lovins 275 0.000000 20
lovins 276 0.000000 20
lovins 277 0.000000 20
lovins 278 0.000000 20
lovins 279 0.084997 20
lovins 280 0.000000 20
lovins 281 0.034165 20
lovins 282 0.000000 20
lovins 283 0.935961 20
lovins 284 0.000000 20
lovins 285 0.475069 20
lovins 286 0.000000 20
lovins 287 0.000000 20
lovins 288 0.390763 20
lovins 289 0.000000 20
lovins 290 0.405175 20
lovins 291 0.168563 20
lovins 292 0.216588 20
lovins 293 0.000000 20
lovins 294 0.000000 20
lovins 295 0.881454 20
lovins 296 0.000000 20
lovins 297 0.552358 20
lovins 298 0.000000 20
lovins 299 0.000000 20
lovins 300 0.000000 20
lovins amean 0.146219 20
wikt 251 0.000000 20
wikt 252 0.000000 20
wikt 253 0.348438 20
wikt 254 0.047795 20
wikt 255 0.000000 20
wikt 256 0.216588 20
wikt 257 0.624347 20
wikt 258 0.000000 20
wikt 259 0.688907 20
wikt 260 0.000000 20
wikt 261 0.000000 20
wikt 262 0.000000 20
wikt 263 0.409955 20
wikt 264 0.000000 20
wikt 265 0.000000 20
wikt 266 0.000000 20
wikt 267 0.000000 20
wikt 268 0.324882 20
wikt 269 0.000000 20
wikt 270 0.000000 20
wikt 271 0.000000 20
wikt 272 0.000000 20
wikt 273 0.000000 20
wikt 274 0.000000 20
wikt 275 0.000000 20
wikt 276 0.000000 20
wikt 277 0.000000 20
wikt 278 0.000000 20
wikt 279 0.084997 20
wikt 280 0.000000 20
wikt 281 0.034165 20
wikt 282 0.000000 20
wikt 283 0.935961 20
wikt 284 0.000000 20
wikt 285 0.479815 20
wikt 286 0.000000 20
wikt 287 0.000000 20
wikt 288 0.390763 20
wikt 289 0.000000 20
wikt 290 0.405175 20
wikt 291 0.168563 20
wikt 292 0.000000 20
wikt 293 0.000000 20
wikt 294 0.000000 20
wikt 295 0.881454 20
wikt 296 0.000000 20
wikt 297 0.558596 20
wikt 298 0.000000 20
wikt 299 0.000000 20
wikt 300 0.000000 20
wikt amean 0.132008 20
none 251 0.000000 20
none 252 0.000000 20
none 253 0.297934 20
none 254 0.047795 20
none 255 0.000000 20
none 256 0.000000 20
none 257 0.624347 20
none 258 0.000000 20
none 259 0.270735 20
none 260 0.000000 20
none 261 0.000000 20
none 262 0.000000 20
none 263 0.319076 20
none 264 0.000000 20
none 265 0.000000 20
none 266 0.000000 20
none 267 0.000000 20
none 268 0.324882 20
none 269 0.000000 20
none 270 0.000000 20
none 271 0.000000 20
none 272 0.000000 20
none 273 0.000000 20
none 274 0.000000 20
none 275 0.153111 20
none 276 0.000000 20
none 277 0.000000 20
none 278 0.000000 20
none 279 0.000000 20
none 280 0.000000 20
none 281 0.036100 20
none 282 0.000000 20
none 283 0.935961 20
none 284 0.187824 20
none 285 0.487322 20
none 286 0.000000 20
none 287 0.000000 20
none 288 0.390763 20
none 289 0.000000 20
none 290 0.405175 20
none 291 0.177682 20
none 292 0.204977 20
none 293 0.000000 20
none 294 0.000000 20
none 295 0.881454 20
none 296 0.000000 20
none 297 0.558596 20
none 298 0.000000 20
none 299 0.000000 20
none 300 0.231450 20
none amean 0.130704 20
