stemmer qid ndcg maxLength
paiceHusk 201 0.424368 148
paiceHusk 202 0.000000 148
paiceHusk 203 0.901696 148
paiceHusk 204 0.349162 148
paiceHusk 205 0.000000 148
paiceHusk 206 0.225578 148
paiceHusk 207 0.190577 148
paiceHusk 208 0.258381 148
paiceHusk 209 0.087541 148
paiceHusk 210 0.227126 148
paiceHusk 211 0.279838 148
paiceHusk 212 0.000000 148
paiceHusk 213 0.360618 148
paiceHusk 214 0.984893 148
paiceHusk 215 0.152466 148
paiceHusk 216 0.550055 148
paiceHusk 217 0.989621 148
paiceHusk 218 0.318647 148
paiceHusk 219 0.000000 148
paiceHusk 220 0.000000 148
paiceHusk 221 0.444713 148
paiceHusk 222 0.469089 148
paiceHusk 223 0.966455 148
paiceHusk 224 0.789682 148
paiceHusk 225 0.252331 148
paiceHusk 226 0.049778 148
paiceHusk 227 0.922048 148
paiceHusk 228 0.572396 148
paiceHusk 229 0.922833 148
paiceHusk 230 0.469637 148
paiceHusk 231 0.649763 148
paiceHusk 232 0.935961 148
paiceHusk 233 0.000000 148
paiceHusk 234 0.314387 148
paiceHusk 235 0.000000 148
paiceHusk 236 0.572396 148
paiceHusk 237 0.411425 148
paiceHusk 238 0.349162 148
paiceHusk 239 0.970941 148
paiceHusk 240 0.279838 148
paiceHusk 241 0.964892 148
paiceHusk 242 0.536779 148
paiceHusk 243 0.464743 148
paiceHusk 244 0.257006 148
paiceHusk 245 0.230686 148
paiceHusk 246 0.000000 148
paiceHusk 247 0.000000 148
paiceHusk 248 0.000000 148
paiceHusk 249 0.000000 148
paiceHusk 250 0.000000 148
paiceHusk 251 0.000000 148
paiceHusk 252 0.659686 148
paiceHusk 253 0.210767 148
paiceHusk 254 0.258398 148
paiceHusk 255 0.000000 148
paiceHusk 256 0.195598 148
paiceHusk 257 0.460920 148
paiceHusk 258 0.395909 148
paiceHusk 259 0.811747 148
paiceHusk 260 0.000000 148
paiceHusk 261 0.000000 148
paiceHusk 262 0.231450 148
paiceHusk 263 0.917581 148
paiceHusk 264 0.000000 148
paiceHusk 265 0.000000 148
paiceHusk 266 0.409955 148
paiceHusk 267 0.000000 148
paiceHusk 268 0.507754 148
paiceHusk 269 0.000000 148
paiceHusk 270 0.049149 148
paiceHusk 271 0.409955 148
paiceHusk 272 0.000000 148
paiceHusk 273 0.000000 148
paiceHusk 274 0.000000 148
paiceHusk 275 0.061356 148
paiceHusk 276 0.279838 148
paiceHusk 277 0.000000 148
paiceHusk 278 0.000000 148
paiceHusk 279 0.000000 148
paiceHusk 280 0.231450 148
paiceHusk 281 0.069803 148
paiceHusk 282 0.775444 148
paiceHusk 283 0.935961 148
paiceHusk 284 0.612714 148
paiceHusk 285 0.487322 148
paiceHusk 286 0.000000 148
paiceHusk 287 0.000000 148
paiceHusk 288 0.164363 148
paiceHusk 289 0.000000 148
paiceHusk 290 0.338783 148
paiceHusk 291 0.378528 148
paiceHusk 292 0.649763 148
paiceHusk 293 0.000000 148
paiceHusk 294 0.000000 148
paiceHusk 295 0.970941 148
paiceHusk 296 0.195598 148
paiceHusk 297 0.510483 148
paiceHusk 298 0.000000 148
paiceHusk 299 0.125715 148
paiceHusk 300 0.000000 148
paiceHusk amean 0.314044 148
krovetz 201 0.424368 148
krovetz 202 0.000000 148
krovetz 203 0.812204 148
krovetz 204 0.349162 148
krovetz 205 0.000000 148
krovetz 206 0.225578 148
krovetz 207 0.190577 148
krovetz 208 0.258381 148
krovetz 209 0.138750 148
krovetz 210 0.227126 148
krovetz 211 0.279838 148
krovetz 212 0.000000 148
krovetz 213 0.393046 148
krovetz 214 0.935961 148
krovetz 215 0.135928 148
krovetz 216 0.549221 148
krovetz 217 0.995991 148
krovetz 218 0.318647 148
krovetz 219 0.000000 148
krovetz 220 0.000000 148
krovetz 221 0.509379 148
krovetz 222 0.469089 148
krovetz 223 0.960049 148
krovetz 224 0.854740 148
krovetz 225 0.251585 148
krovetz 226 0.049778 148
krovetz 227 0.927120 148
krovetz 228 0.464800 148
krovetz 229 0.922833 148
krovetz 230 0.549874 148
krovetz 231 0.463826 148
krovetz 232 0.935961 148
krovetz 233 0.000000 148
krovetz 234 0.314387 148
krovetz 235 0.000000 148
krovetz 236 0.572396 148
krovetz 237 0.418786 148
krovetz 238 0.388132 148
krovetz 239 0.970941 148
krovetz 240 0.649763 148
krovetz 241 0.963034 148
krovetz 242 0.536779 148
krovetz 243 0.479173 148
krovetz 244 0.257006 148
krovetz 245 0.230686 148
krovetz 246 0.000000 148
krovetz 247 0.000000 148
krovetz 248 0.251363 148
krovetz 249 0.000000 148
krovetz 250 0.000000 148
krovetz 251 0.000000 148
krovetz 252 0.963034 148
krovetz 253 0.210767 148
krovetz 254 0.258398 148
krovetz 255 0.000000 148
krovetz 256 0.000000 148
krovetz 257 0.460920 148
krovetz 258 0.395909 148
krovetz 259 0.570081 148
krovetz 260 0.000000 148
krovetz 261 0.000000 148
krovetz 262 0.216588 148
krovetz 263 0.917581 148
krovetz 264 0.000000 148
krovetz 265 0.000000 148
krovetz 266 0.409955 148
krovetz 267 0.000000 148
krovetz 268 0.324882 148
krovetz 269 0.000000 148
krovetz 270 0.049149 148
krovetz 271 0.000000 148
krovetz 272 0.000000 148
krovetz 273 0.000000 148
krovetz 274 0.000000 148
krovetz 275 0.061356 148
krovetz 276 0.204977 148
krovetz 277 0.000000 148
krovetz 278 0.000000 148
krovetz 279 0.000000 148
krovetz 280 0.000000 148
krovetz 281 0.070451 148
krovetz 282 0.775444 148
krovetz 283 0.935961 148
krovetz 284 0.612714 148
krovetz 285 0.487322 148
krovetz 286 0.000000 148
krovetz 287 0.000000 148
krovetz 288 0.164363 148
krovetz 289 0.000000 148
krovetz 290 0.338783 148
krovetz 291 0.377406 148
krovetz 292 0.649763 148
krovetz 293 0.000000 148
krovetz 294 0.000000 148
krovetz 295 0.970941 148
krovetz 296 0.195598 148
krovetz 297 0.510483 148
krovetz 298 0.000000 148
krovetz 299 0.115756 148
krovetz 300 0.000000 148
krovetz amean 0.308748 148
sStripping 201 0.424368 148
sStripping 202 0.000000 148
sStripping 203 0.794518 148
sStripping 204 0.418793 148
sStripping 205 0.000000 148
sStripping 206 0.180671 148
sStripping 207 0.245253 148
sStripping 208 0.258381 148
sStripping 209 0.138750 148
sStripping 210 0.267444 148
sStripping 211 0.324882 148
sStripping 212 0.000000 148
sStripping 213 0.393046 148
sStripping 214 0.967168 148
sStripping 215 0.148107 148
sStripping 216 0.594250 148
sStripping 217 0.995991 148
sStripping 218 0.304409 148
sStripping 219 0.000000 148
sStripping 220 0.000000 148
sStripping 221 0.509379 148
sStripping 222 0.469283 148
sStripping 223 0.960049 148
sStripping 224 0.789682 148
sStripping 225 0.251585 148
sStripping 226 0.049778 148
sStripping 227 0.926395 148
sStripping 228 0.812204 148
sStripping 229 0.953770 148
sStripping 230 0.549874 148
sStripping 231 0.833751 148
sStripping 232 0.935961 148
sStripping 233 0.000000 148
sStripping 234 0.361343 148
sStripping 235 0.000000 148
sStripping 236 0.572396 148
sStripping 237 0.418786 148
sStripping 238 0.388132 148
sStripping 239 0.970941 148
sStripping 240 0.231450 148
sStripping 241 0.963034 148
sStripping 242 0.536779 148
sStripping 243 0.493431 148
sStripping 244 0.311041 148
sStripping 245 0.230686 148
sStripping 246 0.000000 148
sStripping 247 0.000000 148
sStripping 248 0.324882 148
sStripping 249 0.000000 148
sStripping 250 0.000000 148
sStripping 251 0.000000 148
sStripping 252 0.963034 148
sStripping 253 0.185385 148
sStripping 254 0.258398 148
sStripping 255 0.000000 148
sStripping 256 0.000000 148
sStripping 257 0.460920 148
sStripping 258 0.395909 148
sStripping 259 0.811747 148
sStripping 260 0.037672 148
sStripping 261 0.000000 148
sStripping 262 0.279838 148
sStripping 263 0.917581 148
sStripping 264 0.000000 148
sStripping 265 0.000000 148
sStripping 266 0.409955 148
sStripping 267 0.000000 148
sStripping 268 0.525680 148
sStripping 269 0.000000 148
sStripping 270 0.049149 148
sStripping 271 0.000000 148
sStripping 272 0.000000 148
sStripping 273 0.000000 148
sStripping 274 0.000000 148
sStripping 275 0.061356 148
sStripping 276 0.279838 148
sStripping 277 0.000000 148
sStripping 278 0.000000 148
sStripping 279 0.042498 148
sStripping 280 0.000000 148
sStripping 281 0.070451 148
sStripping 282 0.775444 148
sStripping 283 0.961583 148
sStripping 284 0.612714 148
sStripping 285 0.487322 148
sStripping 286 0.000000 148
sStripping 287 0.000000 148
sStripping 288 0.164363 148
sStripping 289 0.000000 148
sStripping 290 0.338783 148
sStripping 291 0.377406 148
sStripping 292 0.743675 148
sStripping 293 0.000000 148
sStripping 294 0.089160 148
sStripping 295 0.970941 148
sStripping 296 0.000000 148
sStripping 297 0.501569 148
sStripping 298 0.000000 148
sStripping 299 0.115756 148
sStripping 300 0.000000 148
sStripping amean 0.321888 148
porter2 201 0.394506 148
porter2 202 0.000000 148
porter2 203 0.901696 148
porter2 204 0.349162 148
porter2 205 0.000000 148
porter2 206 0.225578 148
porter2 207 0.245253 148
porter2 208 0.258381 148
porter2 209 0.138750 148
porter2 210 0.267444 148
porter2 211 0.324882 148
porter2 212 0.000000 148
porter2 213 0.351547 148
porter2 214 0.935961 148
porter2 215 0.148611 148
porter2 216 0.549221 148
porter2 217 0.995991 148
porter2 218 0.304409 148
porter2 219 0.195598 148
porter2 220 0.000000 148
porter2 221 0.509379 148
porter2 222 0.469089 148
porter2 223 0.960049 148
porter2 224 0.854740 148
porter2 225 0.251585 148
porter2 226 0.049778 148
porter2 227 0.922048 148
porter2 228 0.812204 148
porter2 229 0.922833 148
porter2 230 0.607736 148
porter2 231 0.463826 148
porter2 232 0.935961 148
porter2 233 0.000000 148
porter2 234 0.361343 148
porter2 235 0.000000 148
porter2 236 0.572396 148
porter2 237 0.418786 148
porter2 238 0.388132 148
porter2 239 0.970941 148
porter2 240 0.649763 148
porter2 241 0.963034 148
porter2 242 0.536779 148
porter2 243 0.493431 148
porter2 244 0.311041 148
porter2 245 0.230686 148
porter2 246 0.000000 148
porter2 247 0.000000 148
porter2 248 0.324882 148
porter2 249 0.000000 148
porter2 250 0.000000 148
porter2 251 0.000000 148
porter2 252 0.963034 148
porter2 253 0.210767 148
porter2 254 0.221009 148
porter2 255 0.000000 148
porter2 256 0.000000 148
porter2 257 0.460920 148
porter2 258 0.395909 148
porter2 259 0.570081 148
porter2 260 0.037672 148
porter2 261 0.000000 148
porter2 262 0.216588 148
porter2 263 0.917581 148
porter2 264 0.000000 148
porter2 265 0.000000 148
porter2 266 0.409955 148
porter2 267 0.000000 148
porter2 268 0.324882 148
porter2 269 0.000000 148
porter2 270 0.049149 148
porter2 271 0.000000 148
porter2 272 0.000000 148
porter2 273 0.592515 148
porter2 274 0.000000 148
porter2 275 0.061356 148
porter2 276 0.231450 148
porter2 277 0.000000 148
porter2 278 0.000000 148
porter2 279 0.000000 148
porter2 280 0.000000 148
porter2 281 0.070451 148
porter2 282 0.775444 148
porter2 283 0.935961 148
porter2 284 0.612714 148
porter2 285 0.487322 148
porter2 286 0.000000 148
porter2 287 0.000000 148
porter2 288 0.164363 148
porter2 289 0.000000 148
porter2 290 0.338783 148
porter2 291 0.377406 148
porter2 292 0.649763 148
porter2 293 0.000000 148
porter2 294 0.000000 148
porter2 295 0.970941 148
porter2 296 0.187824 148
porter2 297 0.510483 148
porter2 298 0.000000 148
porter2 299 0.115756 148
porter2 300 0.000000 148
porter2 amean 0.324275 148
lovins 201 0.325282 148
lovins 202 0.000000 148
lovins 203 0.794518 148
lovins 204 0.000000 148
lovins 205 0.000000 148
lovins 206 0.225578 148
lovins 207 0.245253 148
lovins 208 0.265845 148
lovins 209 0.138750 148
lovins 210 0.267444 148
lovins 211 0.324882 148
lovins 212 0.000000 148
lovins 213 0.351547 148
lovins 214 0.935961 148
lovins 215 0.148611 148
lovins 216 0.593103 148
lovins 217 0.990590 148
lovins 218 0.359386 148
lovins 219 0.000000 148
lovins 220 0.000000 148
lovins 221 0.509379 148
lovins 222 0.469518 148
lovins 223 0.966455 148
lovins 224 0.854740 148
lovins 225 0.250982 148
lovins 226 0.049778 148
lovins 227 0.924631 148
lovins 228 0.000000 148
lovins 229 0.922833 148
lovins 230 0.607736 148
lovins 231 0.463826 148
lovins 232 0.935961 148
lovins 233 0.000000 148
lovins 234 0.349732 148
lovins 235 0.000000 148
lovins 236 0.549874 148
lovins 237 0.418786 148
lovins 238 0.353851 148
lovins 239 0.970941 148
lovins 240 0.279838 148
lovins 241 0.964892 148
lovins 242 0.536779 148
lovins 243 0.493431 148
lovins 244 0.311041 148
lovins 245 0.230686 148
lovins 246 0.000000 148
lovins 247 0.000000 148
lovins 248 0.279838 148
lovins 249 0.000000 148
lovins 250 0.000000 148
lovins 251 0.000000 148
lovins 252 0.659686 148
lovins 253 0.210767 148
lovins 254 0.224322 148
lovins 255 0.000000 148
lovins 256 0.000000 148
lovins 257 0.460920 148
lovins 258 0.395909 148
lovins 259 0.544780 148
lovins 260 0.000000 148
lovins 261 0.000000 148
lovins 262 0.216588 148
lovins 263 0.917581 148
lovins 264 0.000000 148
lovins 265 0.000000 148
lovins 266 0.409955 148
lovins 267 0.000000 148
lovins 268 0.324882 148
lovins 269 0.000000 148
lovins 270 0.049149 148
lovins 271 0.409955 148
lovins 272 0.000000 148
lovins 273 0.592515 148
lovins 274 0.000000 148
lovins 275 0.000000 148
lovins 276 0.216588 148
lovins 277 0.000000 148
lovins 278 0.000000 148
lovins 279 0.000000 148
lovins 280 0.251363 148
lovins 281 0.069803 148
lovins 282 0.775444 148
lovins 283 0.935961 148
lovins 284 0.612714 148
lovins 285 0.487322 148
lovins 286 0.000000 148
lovins 287 0.000000 148
lovins 288 0.164363 148
lovins 289 0.000000 148
lovins 290 0.338783 148
lovins 291 0.378528 148
lovins 292 0.649763 148
lovins 293 0.000000 148
lovins 294 0.000000 148
lovins 295 0.970941 148
lovins 296 0.251363 148
lovins 297 0.510483 148
lovins 298 0.000000 148
lovins 299 0.115756 148
lovins 300 0.000000 148
lovins amean 0.308085 148
wikt 201 0.424368 148
wikt 202 0.000000 148
wikt 203 0.901696 148
wikt 204 0.396118 148
wikt 205 0.000000 148
wikt 206 0.225578 148
wikt 207 0.190577 148
wikt 208 0.258381 148
wikt 209 0.087541 148
wikt 210 0.000000 148
wikt 211 0.000000 148
wikt 212 0.000000 148
wikt 213 0.393046 148
wikt 214 0.977703 148
wikt 215 0.135928 148
wikt 216 0.550055 148
wikt 217 0.990347 148
wikt 218 0.304409 148
wikt 219 0.000000 148
wikt 220 0.000000 148
wikt 221 0.509379 148
wikt 222 0.469089 148
wikt 223 0.960049 148
wikt 224 0.319076 148
wikt 225 0.252331 148
wikt 226 0.049778 148
wikt 227 0.922048 148
wikt 228 0.464800 148
wikt 229 0.922833 148
wikt 230 0.549874 148
wikt 231 0.463826 148
wikt 232 0.935961 148
wikt 233 0.000000 148
wikt 234 0.000000 148
wikt 235 0.000000 148
wikt 236 0.572396 148
wikt 237 0.418786 148
wikt 238 0.388132 148
wikt 239 0.970941 148
wikt 240 0.324882 148
wikt 241 0.963034 148
wikt 242 0.536779 148
wikt 243 0.493431 148
wikt 244 0.311041 148
wikt 245 0.230686 148
wikt 246 0.000000 148
wikt 247 0.000000 148
wikt 248 0.251363 148
wikt 249 0.000000 148
wikt 250 0.000000 148
wikt 251 0.000000 148
wikt 252 0.963034 148
wikt 253 0.210767 148
wikt 254 0.258398 148
wikt 255 0.000000 148
wikt 256 0.000000 148
wikt 257 0.460920 148
wikt 258 0.395909 148
wikt 259 0.572155 148
wikt 260 0.000000 148
wikt 261 0.000000 148
wikt 262 0.216588 148
wikt 263 0.917581 148
wikt 264 0.000000 148
wikt 265 0.000000 148
wikt 266 0.409955 148
wikt 267 0.000000 148
wikt 268 0.324882 148
wikt 269 0.000000 148
wikt 270 0.049149 148
wikt 271 0.409955 148
wikt 272 0.180291 148
wikt 273 0.000000 148
wikt 274 0.000000 148
wikt 275 0.000000 148
wikt 276 0.409955 148
wikt 277 0.000000 148
wikt 278 0.000000 148
wikt 279 0.035915 148
wikt 280 0.000000 148
wikt 281 0.070451 148
wikt 282 0.775444 148
wikt 283 0.935961 148
wikt 284 0.612714 148
wikt 285 0.487322 148
wikt 286 0.000000 148
wikt 287 0.000000 148
wikt 288 0.164363 148
wikt 289 0.000000 148
wikt 290 0.338783 148
wikt 291 0.377406 148
wikt 292 0.649763 148
wikt 293 0.000000 148
wikt 294 0.000000 148
wikt 295 0.970941 148
wikt 296 0.195598 148
wikt 297 0.510483 148
wikt 298 0.000000 148
wikt 299 0.108323 148
wikt 300 0.000000 148
wikt amean 0.301293 148
none 201 0.424368 148
none 202 0.000000 148
none 203 0.664168 148
none 204 0.418793 148
none 205 0.000000 148
none 206 0.180671 148
none 207 0.245253 148
none 208 0.265845 148
none 209 0.107351 148
none 210 0.267444 148
none 211 0.324882 148
none 212 0.048645 148
none 213 0.393046 148
none 214 0.923906 148
none 215 0.135928 148
none 216 0.593225 148
none 217 0.998796 148
none 218 0.456150 148
none 219 0.000000 148
none 220 0.000000 148
none 221 0.509379 148
none 222 0.469283 148
none 223 0.889884 148
none 224 0.789682 148
none 225 0.251585 148
none 226 0.049778 148
none 227 0.927120 148
none 228 0.000000 148
none 229 0.953770 148
none 230 0.469637 148
none 231 0.819635 148
none 232 0.935961 148
none 233 0.000000 148
none 234 0.361343 148
none 235 0.000000 148
none 236 0.743675 148
none 237 0.418786 148
none 238 0.388132 148
none 239 0.970941 148
none 240 0.251363 148
none 241 0.963034 148
none 242 0.592809 148
none 243 0.606852 148
none 244 0.311041 148
none 245 0.230686 148
none 246 0.000000 148
none 247 0.000000 148
none 248 0.765488 148
none 249 0.000000 148
none 250 0.000000 148
none 251 0.216588 148
none 252 0.963034 148
none 253 0.185385 148
none 254 0.258398 148
none 255 0.000000 148
none 256 0.000000 148
none 257 0.460920 148
none 258 0.395909 148
none 259 0.811747 148
none 260 0.000000 148
none 261 0.000000 148
none 262 0.279838 148
none 263 0.917581 148
none 264 0.000000 148
none 265 0.000000 148
none 266 0.649763 148
none 267 0.000000 148
none 268 0.549874 148
none 269 0.000000 148
none 270 0.049149 148
none 271 0.000000 148
none 272 0.187164 148
none 273 0.000000 148
none 274 0.000000 148
none 275 0.061356 148
none 276 0.324882 148
none 277 0.000000 148
none 278 0.000000 148
none 279 0.042498 148
none 280 0.000000 148
none 281 0.070451 148
none 282 0.854740 148
none 283 0.961583 148
none 284 0.464800 148
none 285 0.487322 148
none 286 0.000000 148
none 287 0.000000 148
none 288 0.164363 148
none 289 0.000000 148
none 290 0.338783 148
none 291 0.455575 148
none 292 0.649763 148
none 293 0.000000 148
none 294 0.143307 148
none 295 0.970941 148
none 296 0.231450 148
none 297 0.501569 148
none 298 0.000000 148
none 299 0.115756 148
none 300 0.000000 148
none amean 0.328828 148
