alpha-DCG@10
0.424368
0.000000
0.901696
0.349162
0.000000
0.225578
0.173148
0.257534
0.081991
0.224085
0.279838
0.000000
0.360601
0.984893
0.097969
0.546714
0.989621
0.318647
0.000000
0.000000
0.444713
0.469017
0.966455
0.789682
0.163485
0.036098
0.922048
0.572396
0.922833
0.469637
0.649763
0.935961
0.000000
0.314387
0.000000
0.572396
0.410963
0.349162
0.970941
0.279838
0.964892
0.482479
0.460867
0.255878
0.180225
0.000000
0.000000
0.000000
0.000000
0.000000
0.000000
0.659686
0.208624
0.250920
0.000000
0.195598
0.447859
0.324882
0.811747
0.000000
0.000000
0.231450
0.917581
0.000000
0.000000
0.409955
0.000000
0.507754
0.000000
0.043318
0.409955
0.000000
0.000000
0.000000
0.055968
0.279838
0.000000
0.000000
0.000000
0.231450
0.069799
0.775444
0.935961
0.612714
0.487322
0.000000
0.000000
0.163982
0.000000
0.302360
0.343105
0.649763
0.000000
0.000000
0.970941
0.195598
0.509175
0.000000
0.125681
0.000000
0.309284
alpha-DCG@10
0.424368
0.000000
0.812204
0.349162
0.000000
0.225578
0.173148
0.257534
0.129953
0.224085
0.279838
0.000000
0.393028
0.935961
0.087342
0.545885
0.995991
0.318647
0.000000
0.000000
0.509379
0.469017
0.960049
0.854740
0.163001
0.036098
0.927120
0.464800
0.922833
0.549874
0.463826
0.935961
0.000000
0.314387
0.000000
0.572396
0.418315
0.388132
0.970941
0.649763
0.963034
0.482479
0.475176
0.255878
0.180225
0.000000
0.000000
0.251363
0.000000
0.000000
0.000000
0.963034
0.208624
0.250920
0.000000
0.000000
0.447859
0.324882
0.570081
0.000000
0.000000
0.216588
0.917581
0.000000
0.000000
0.409955
0.000000
0.324882
0.000000
0.043318
0.000000
0.000000
0.000000
0.000000
0.055968
0.204977
0.000000
0.000000
0.000000
0.000000
0.070447
0.775444
0.935961
0.612714
0.487322
0.000000
0.000000
0.163982
0.000000
0.302360
0.342088
0.649763
0.000000
0.000000
0.970941
0.195598
0.509175
0.000000
0.115725
0.000000
0.304017
alpha-DCG@10
0.424368
0.000000
0.794518
0.418793
0.000000
0.180671
0.222824
0.257534
0.129953
0.263863
0.324882
0.000000
0.393028
0.967168
0.095168
0.590640
0.995991
0.304409
0.000000
0.000000
0.509379
0.469212
0.960049
0.789682
0.163001
0.036098
0.926395
0.812204
0.953770
0.549874
0.833751
0.935961
0.000000
0.361343
0.000000
0.572396
0.418315
0.388132
0.970941
0.231450
0.963034
0.482479
0.489315
0.309676
0.180225
0.000000
0.000000
0.324882
0.000000
0.000000
0.000000
0.963034
0.183501
0.250920
0.000000
0.000000
0.447859
0.324882
0.811747
0.037565
0.000000
0.279838
0.917581
0.000000
0.000000
0.409955
0.000000
0.525680
0.000000
0.043318
0.000000
0.000000
0.000000
0.000000
0.055968
0.279838
0.000000
0.000000
0.038575
0.000000
0.070447
0.775444
0.961583
0.612714
0.487322
0.000000
0.000000
0.163982
0.000000
0.302360
0.342088
0.743675
0.000000
0.078239
0.970941
0.000000
0.500284
0.000000
0.115725
0.000000
0.316904
alpha-DCG@10
0.394506
0.000000
0.901696
0.349162
0.000000
0.225578
0.222824
0.257534
0.129953
0.263863
0.324882
0.000000
0.351531
0.935961
0.095492
0.545885
0.995991
0.304409
0.195598
0.000000
0.509379
0.469017
0.960049
0.854740
0.163001
0.036098
0.922048
0.812204
0.922833
0.607736
0.463826
0.935961
0.000000
0.361343
0.000000
0.572396
0.418315
0.388132
0.970941
0.649763
0.963034
0.482479
0.489315
0.309676
0.180225
0.000000
0.000000
0.324882
0.000000
0.000000
0.000000
0.963034
0.208624
0.214612
0.000000
0.000000
0.447859
0.324882
0.570081
0.037565
0.000000
0.216588
0.917581
0.000000
0.000000
0.409955
0.000000
0.324882
0.000000
0.043318
0.000000
0.000000
0.587914
0.000000
0.055968
0.231450
0.000000
0.000000
0.000000
0.000000
0.070447
0.775444
0.935961
0.612714
0.487322
0.000000
0.000000
0.163982
0.000000
0.302360
0.342088
0.649763
0.000000
0.000000
0.970941
0.187824
0.509175
0.000000
0.115725
0.000000
0.319403
alpha-DCG@10
0.325282
0.000000
0.794518
0.000000
0.000000
0.225578
0.222824
0.264973
0.129953
0.263863
0.324882
0.000000
0.351531
0.935961
0.095492
0.589500
0.990590
0.359386
0.000000
0.000000
0.509379
0.469446
0.966455
0.854740
0.162610
0.036098
0.924631
0.000000
0.922833
0.607736
0.463826
0.935961
0.000000
0.349732
0.000000
0.549874
0.418315
0.353851
0.970941
0.279838
0.964892
0.482479
0.489315
0.309676
0.180225
0.000000
0.000000
0.279838
0.000000
0.000000
0.000000
0.659686
0.208624
0.217830
0.000000
0.000000
0.447859
0.324882
0.544780
0.000000
0.000000
0.216588
0.917581
0.000000
0.000000
0.409955
0.000000
0.324882
0.000000
0.043318
0.409955
0.000000
0.587914
0.000000
0.000000
0.216588
0.000000
0.000000
0.000000
0.251363
0.069799
0.775444
0.935961
0.612714
0.487322
0.000000
0.000000
0.163982
0.000000
0.302360
0.343105
0.649763
0.000000
0.000000
0.970941
0.251363
0.509175
0.000000
0.115725
0.000000
0.303265
alpha-DCG@10
0.424368
0.000000
0.901696
0.396118
0.000000
0.225578
0.173148
0.257534
0.081991
0.000000
0.000000
0.000000
0.393028
0.977703
0.087342
0.546714
0.990347
0.304409
0.000000
0.000000
0.509379
0.469017
0.960049
0.319076
0.163485
0.036098
0.922048
0.464800
0.922833
0.549874
0.463826
0.935961
0.000000
0.000000
0.000000
0.572396
0.418315
0.388132
0.970941
0.324882
0.963034
0.482479
0.489315
0.309676
0.180225
0.000000
0.000000
0.251363
0.000000
0.000000
0.000000
0.963034
0.208624
0.250920
0.000000
0.000000
0.447859
0.324882
0.572155
0.000000
0.000000
0.216588
0.917581
0.000000
0.000000
0.409955
0.000000
0.324882
0.000000
0.043318
0.409955
0.120547
0.000000
0.000000
0.000000
0.409955
0.000000
0.000000
0.032600
0.000000
0.070447
0.775444
0.935961
0.612714
0.487322
0.000000
0.000000
0.163982
0.000000
0.302360
0.342088
0.649763
0.000000
0.000000
0.970941
0.195598
0.509175
0.000000
0.108294
0.000000
0.296041
alpha-DCG@10
0.424368
0.000000
0.664168
0.418793
0.000000
0.180671
0.222824
0.264973
0.100545
0.263863
0.324882
0.037565
0.393028
0.923906
0.087342
0.589621
0.998796
0.456150
0.000000
0.000000
0.509379
0.469212
0.889884
0.789682
0.163001
0.036098
0.927120
0.000000
0.953770
0.469637
0.819635
0.935961
0.000000
0.361343
0.000000
0.743675
0.418315
0.388132
0.970941
0.251363
0.963034
0.532842
0.601791
0.309676
0.180225
0.000000
0.000000
0.765488
0.000000
0.000000
0.216588
0.963034
0.183501
0.250920
0.000000
0.000000
0.447859
0.324882
0.811747
0.000000
0.000000
0.279838
0.917581
0.000000
0.000000
0.649763
0.000000
0.549874
0.000000
0.043318
0.000000
0.125143
0.000000
0.000000
0.055968
0.324882
0.000000
0.000000
0.038575
0.000000
0.070447
0.854740
0.961583
0.464800
0.487322
0.000000
0.000000
0.163982
0.000000
0.302360
0.412943
0.649763
0.000000
0.125755
0.970941
0.231450
0.500284
0.000000
0.115725
0.000000
0.322973
