stemmer qid ndcg maxLength
paiceHusk 201 0.406542 2000000
paiceHusk 202 0.122014 2000000
paiceHusk 203 0.532601 2000000
paiceHusk 204 0.880018 2000000
paiceHusk 205 0.000000 2000000
paiceHusk 206 0.196619 2000000
paiceHusk 207 0.261364 2000000
paiceHusk 208 0.499673 2000000
paiceHusk 209 0.046250 2000000
paiceHusk 210 0.157177 2000000
paiceHusk 211 0.681167 2000000
paiceHusk 212 0.000000 2000000
paiceHusk 213 0.398015 2000000
paiceHusk 214 0.996905 2000000
paiceHusk 215 0.209915 2000000
paiceHusk 216 0.472341 2000000
paiceHusk 217 0.991847 2000000
paiceHusk 218 0.586642 2000000
paiceHusk 219 0.000000 2000000
paiceHusk 220 0.000000 2000000
paiceHusk 221 0.794518 2000000
paiceHusk 222 0.584917 2000000
paiceHusk 223 0.684110 2000000
paiceHusk 224 0.409955 2000000
paiceHusk 225 0.334925 2000000
paiceHusk 226 0.298030 2000000
paiceHusk 227 0.912603 2000000
paiceHusk 228 0.549874 2000000
paiceHusk 229 0.892407 2000000
paiceHusk 230 0.572396 2000000
paiceHusk 231 0.333939 2000000
paiceHusk 232 0.993884 2000000
paiceHusk 233 0.000000 2000000
paiceHusk 234 0.457423 2000000
paiceHusk 235 0.000000 2000000
paiceHusk 236 0.993285 2000000
paiceHusk 237 0.654122 2000000
paiceHusk 238 0.251363 2000000
paiceHusk 239 0.579827 2000000
paiceHusk 240 0.279838 2000000
paiceHusk 241 0.923918 2000000
paiceHusk 242 0.602268 2000000
paiceHusk 243 0.694154 2000000
paiceHusk 244 0.303941 2000000
paiceHusk 245 0.218811 2000000
paiceHusk 246 0.000000 2000000
paiceHusk 247 0.000000 2000000
paiceHusk 248 0.000000 2000000
paiceHusk 249 0.213059 2000000
paiceHusk 250 0.000000 2000000
paiceHusk 251 0.195598 2000000
paiceHusk 252 0.970941 2000000
paiceHusk 253 0.410738 2000000
paiceHusk 254 0.345824 2000000
paiceHusk 255 0.000000 2000000
paiceHusk 256 0.000000 2000000
paiceHusk 257 0.461001 2000000
paiceHusk 258 0.458357 2000000
paiceHusk 259 0.799255 2000000
paiceHusk 260 0.000000 2000000
paiceHusk 261 0.649763 2000000
paiceHusk 262 0.388644 2000000
paiceHusk 263 0.572396 2000000
paiceHusk 264 0.535636 2000000
paiceHusk 265 0.112365 2000000
paiceHusk 266 0.752252 2000000
paiceHusk 267 0.231450 2000000
paiceHusk 268 0.649763 2000000
paiceHusk 269 0.000000 2000000
paiceHusk 270 0.222786 2000000
paiceHusk 271 0.649763 2000000
paiceHusk 272 0.225993 2000000
paiceHusk 273 0.000000 2000000
paiceHusk 274 0.044749 2000000
paiceHusk 275 0.144998 2000000
paiceHusk 276 0.231450 2000000
paiceHusk 277 0.000000 2000000
paiceHusk 278 0.000000 2000000
paiceHusk 279 0.413443 2000000
paiceHusk 280 0.554710 2000000
paiceHusk 281 0.113535 2000000
paiceHusk 282 0.816733 2000000
paiceHusk 283 0.992520 2000000
paiceHusk 284 0.983816 2000000
paiceHusk 285 0.584357 2000000
paiceHusk 286 0.758057 2000000
paiceHusk 287 0.649763 2000000
paiceHusk 288 0.486559 2000000
paiceHusk 289 0.000000 2000000
paiceHusk 290 0.374840 2000000
paiceHusk 291 0.429131 2000000
paiceHusk 292 0.978429 2000000
paiceHusk 293 0.549874 2000000
paiceHusk 294 0.052751 2000000
paiceHusk 295 0.960049 2000000
paiceHusk 296 0.935961 2000000
paiceHusk 297 0.768992 2000000
paiceHusk 298 0.000000 2000000
paiceHusk 299 0.444044 2000000
paiceHusk 300 0.000000 2000000
paiceHusk amean 0.418739 2000000
krovetz 201 0.406542 2000000
krovetz 202 0.122014 2000000
krovetz 203 0.000000 2000000
krovetz 204 0.894265 2000000
krovetz 205 0.508549 2000000
krovetz 206 0.304513 2000000
krovetz 207 0.261364 2000000
krovetz 208 0.499673 2000000
krovetz 209 0.069375 2000000
krovetz 210 0.159787 2000000
krovetz 211 0.681167 2000000
krovetz 212 0.000000 2000000
krovetz 213 0.437112 2000000
krovetz 214 0.980586 2000000
krovetz 215 0.251429 2000000
krovetz 216 0.472584 2000000
krovetz 217 0.901103 2000000
krovetz 218 0.582909 2000000
krovetz 219 0.000000 2000000
krovetz 220 0.000000 2000000
krovetz 221 0.794518 2000000
krovetz 222 0.584917 2000000
krovetz 223 0.690693 2000000
krovetz 224 0.765488 2000000
krovetz 225 0.341818 2000000
krovetz 226 0.279731 2000000
krovetz 227 0.941059 2000000
krovetz 228 0.410901 2000000
krovetz 229 0.892407 2000000
krovetz 230 0.621295 2000000
krovetz 231 0.928049 2000000
krovetz 232 0.993884 2000000
krovetz 233 0.000000 2000000
krovetz 234 0.546272 2000000
krovetz 235 0.132643 2000000
krovetz 236 0.991818 2000000
krovetz 237 0.650687 2000000
krovetz 238 0.279838 2000000
krovetz 239 0.421235 2000000
krovetz 240 0.231450 2000000
krovetz 241 0.922899 2000000
krovetz 242 0.602268 2000000
krovetz 243 0.694154 2000000
krovetz 244 0.301586 2000000
krovetz 245 0.218811 2000000
krovetz 246 0.000000 2000000
krovetz 247 0.000000 2000000
krovetz 248 0.000000 2000000
krovetz 249 0.212784 2000000
krovetz 250 0.000000 2000000
krovetz 251 0.187824 2000000
krovetz 252 0.993939 2000000
krovetz 253 0.410738 2000000
krovetz 254 0.343037 2000000
krovetz 255 0.000000 2000000
krovetz 256 0.964892 2000000
krovetz 257 0.530579 2000000
krovetz 258 0.299280 2000000
krovetz 259 0.825411 2000000
krovetz 260 0.362269 2000000
krovetz 261 0.649763 2000000
krovetz 262 0.380895 2000000
krovetz 263 0.854740 2000000
krovetz 264 0.649763 2000000
krovetz 265 0.112365 2000000
krovetz 266 0.649763 2000000
krovetz 267 0.216588 2000000
krovetz 268 0.649763 2000000
krovetz 269 0.000000 2000000
krovetz 270 0.222786 2000000
krovetz 271 0.000000 2000000
krovetz 272 0.225993 2000000
krovetz 273 0.000000 2000000
krovetz 274 0.116941 2000000
krovetz 275 0.144998 2000000
krovetz 276 0.518249 2000000
krovetz 277 0.000000 2000000
krovetz 278 0.000000 2000000
krovetz 279 0.410829 2000000
krovetz 280 0.559399 2000000
krovetz 281 0.113535 2000000
krovetz 282 0.816733 2000000
krovetz 283 0.992520 2000000
krovetz 284 0.983816 2000000
krovetz 285 0.584357 2000000
krovetz 286 0.758057 2000000
krovetz 287 0.649763 2000000
krovetz 288 0.486559 2000000
krovetz 289 0.000000 2000000
krovetz 290 0.373214 2000000
krovetz 291 0.429131 2000000
krovetz 292 0.980918 2000000
krovetz 293 0.324882 2000000
krovetz 294 0.049364 2000000
krovetz 295 0.986651 2000000
krovetz 296 0.960411 2000000
krovetz 297 0.745453 2000000
krovetz 298 0.000000 2000000
krovetz 299 0.444044 2000000
krovetz 300 0.000000 2000000
krovetz amean 0.439444 2000000
sStripping 201 0.410106 2000000
sStripping 202 0.122014 2000000
sStripping 203 0.555136 2000000
sStripping 204 0.625568 2000000
sStripping 205 0.195598 2000000
sStripping 206 0.248518 2000000
sStripping 207 0.199801 2000000
sStripping 208 0.499673 2000000
sStripping 209 0.189698 2000000
sStripping 210 0.164808 2000000
sStripping 211 0.651527 2000000
sStripping 212 0.000000 2000000
sStripping 213 0.436745 2000000
sStripping 214 0.987476 2000000
sStripping 215 0.251933 2000000
sStripping 216 0.443685 2000000
sStripping 217 0.901103 2000000
sStripping 218 0.762765 2000000
sStripping 219 0.000000 2000000
sStripping 220 0.000000 2000000
sStripping 221 0.794518 2000000
sStripping 222 0.603703 2000000
sStripping 223 0.690693 2000000
sStripping 224 0.409955 2000000
sStripping 225 0.340965 2000000
sStripping 226 0.321072 2000000
sStripping 227 0.942031 2000000
sStripping 228 0.549874 2000000
sStripping 229 0.907913 2000000
sStripping 230 0.621295 2000000
sStripping 231 0.933919 2000000
sStripping 232 0.995377 2000000
sStripping 233 0.000000 2000000
sStripping 234 0.501229 2000000
sStripping 235 0.132643 2000000
sStripping 236 0.991818 2000000
sStripping 237 0.650687 2000000
sStripping 238 0.279838 2000000
sStripping 239 0.537178 2000000
sStripping 240 0.752252 2000000
sStripping 241 0.641868 2000000
sStripping 242 0.602268 2000000
sStripping 243 0.709713 2000000
sStripping 244 0.301586 2000000
sStripping 245 0.216410 2000000
sStripping 246 0.000000 2000000
sStripping 247 0.000000 2000000
sStripping 248 0.000000 2000000
sStripping 249 0.212784 2000000
sStripping 250 0.000000 2000000
sStripping 251 0.000000 2000000
sStripping 252 0.993939 2000000
sStripping 253 0.328218 2000000
sStripping 254 0.343037 2000000
sStripping 255 0.000000 2000000
sStripping 256 0.935961 2000000
sStripping 257 0.531889 2000000
sStripping 258 0.458357 2000000
sStripping 259 0.799255 2000000
sStripping 260 0.370829 2000000
sStripping 261 0.649763 2000000
sStripping 262 0.000000 2000000
sStripping 263 0.854740 2000000
sStripping 264 0.649763 2000000
sStripping 265 0.055993 2000000
sStripping 266 0.649763 2000000
sStripping 267 0.279838 2000000
sStripping 268 0.409955 2000000
sStripping 269 0.000000 2000000
sStripping 270 0.222786 2000000
sStripping 271 0.000000 2000000
sStripping 272 0.225993 2000000
sStripping 273 0.000000 2000000
sStripping 274 0.116941 2000000
sStripping 275 0.144998 2000000
sStripping 276 0.765488 2000000
sStripping 277 0.000000 2000000
sStripping 278 0.000000 2000000
sStripping 279 0.363581 2000000
sStripping 280 0.565205 2000000
sStripping 281 0.113535 2000000
sStripping 282 0.816733 2000000
sStripping 283 0.970941 2000000
sStripping 284 0.987030 2000000
sStripping 285 0.599371 2000000
sStripping 286 0.789682 2000000
sStripping 287 0.649763 2000000
sStripping 288 0.486559 2000000
sStripping 289 0.000000 2000000
sStripping 290 0.374840 2000000
sStripping 291 0.429131 2000000
sStripping 292 0.983165 2000000
sStripping 293 0.000000 2000000
sStripping 294 0.000000 2000000
sStripping 295 0.978429 2000000
sStripping 296 0.854740 2000000
sStripping 297 0.745453 2000000
sStripping 298 0.000000 2000000
sStripping 299 0.444044 2000000
sStripping 300 0.000000 2000000
sStripping amean 0.432274 2000000
porter2 201 0.406542 2000000
porter2 202 0.122014 2000000
porter2 203 0.532601 2000000
porter2 204 0.894991 2000000
porter2 205 0.502680 2000000
porter2 206 0.196619 2000000
porter2 207 0.199801 2000000
porter2 208 0.499673 2000000
porter2 209 0.069375 2000000
porter2 210 0.159787 2000000
porter2 211 0.681167 2000000
porter2 212 0.000000 2000000
porter2 213 0.435730 2000000
porter2 214 0.981878 2000000
porter2 215 0.196623 2000000
porter2 216 0.472341 2000000
porter2 217 0.904331 2000000
porter2 218 0.586642 2000000
porter2 219 0.000000 2000000
porter2 220 0.000000 2000000
porter2 221 0.801151 2000000
porter2 222 0.584917 2000000
porter2 223 0.690693 2000000
porter2 224 0.775444 2000000
porter2 225 0.464946 2000000
porter2 226 0.321072 2000000
porter2 227 0.917581 2000000
porter2 228 0.549874 2000000
porter2 229 0.892407 2000000
porter2 230 0.908887 2000000
porter2 231 0.927120 2000000
porter2 232 0.993884 2000000
porter2 233 0.000000 2000000
porter2 234 0.501229 2000000
porter2 235 0.132643 2000000
porter2 236 0.991818 2000000
porter2 237 0.650687 2000000
porter2 238 0.279838 2000000
porter2 239 0.527641 2000000
porter2 240 0.231450 2000000
porter2 241 0.922899 2000000
porter2 242 0.602268 2000000
porter2 243 0.706715 2000000
porter2 244 0.301586 2000000
porter2 245 0.218811 2000000
porter2 246 0.000000 2000000
porter2 247 0.000000 2000000
porter2 248 0.000000 2000000
porter2 249 0.212784 2000000
porter2 250 0.000000 2000000
porter2 251 0.195598 2000000
porter2 252 0.993939 2000000
porter2 253 0.410738 2000000
porter2 254 0.375150 2000000
porter2 255 0.000000 2000000
porter2 256 0.963034 2000000
porter2 257 0.530579 2000000
porter2 258 0.299280 2000000
porter2 259 0.825653 2000000
porter2 260 0.370829 2000000
porter2 261 0.649763 2000000
porter2 262 0.386700 2000000
porter2 263 0.854740 2000000
porter2 264 0.649763 2000000
porter2 265 0.055993 2000000
porter2 266 0.649763 2000000
porter2 267 0.231450 2000000
porter2 268 0.649763 2000000
porter2 269 0.000000 2000000
porter2 270 0.222786 2000000
porter2 271 0.000000 2000000
porter2 272 0.225993 2000000
porter2 273 0.720338 2000000
porter2 274 0.110848 2000000
porter2 275 0.126345 2000000
porter2 276 0.789682 2000000
porter2 277 0.000000 2000000
porter2 278 0.000000 2000000
porter2 279 0.410829 2000000
porter2 280 0.559399 2000000
porter2 281 0.113535 2000000
porter2 282 0.816733 2000000
porter2 283 0.992520 2000000
porter2 284 0.983816 2000000
porter2 285 0.599371 2000000
porter2 286 0.758057 2000000
porter2 287 0.649763 2000000
porter2 288 0.486559 2000000
porter2 289 0.000000 2000000
porter2 290 0.374840 2000000
porter2 291 0.429131 2000000
porter2 292 0.980192 2000000
porter2 293 0.649763 2000000
porter2 294 0.052751 2000000
porter2 295 0.986651 2000000
porter2 296 0.960411 2000000
porter2 297 0.769966 2000000
porter2 298 0.579827 2000000
porter2 299 0.448791 2000000
porter2 300 0.000000 2000000
porter2 amean 0.468428 2000000
lovins 201 0.296190 2000000
lovins 202 0.114179 2000000
lovins 203 0.519203 2000000
lovins 204 0.000000 2000000
lovins 205 0.503266 2000000
lovins 206 0.207236 2000000
lovins 207 0.199801 2000000
lovins 208 0.499673 2000000
lovins 209 0.069375 2000000
lovins 210 0.155864 2000000
lovins 211 0.681167 2000000
lovins 212 0.000000 2000000
lovins 213 0.433287 2000000
lovins 214 0.980048 2000000
lovins 215 0.240755 2000000
lovins 216 0.476505 2000000
lovins 217 0.928442 2000000
lovins 218 0.819367 2000000
lovins 219 0.000000 2000000
lovins 220 0.000000 2000000
lovins 221 0.794518 2000000
lovins 222 0.585733 2000000
lovins 223 0.684110 2000000
lovins 224 0.765488 2000000
lovins 225 0.480187 2000000
lovins 226 0.321072 2000000
lovins 227 0.917581 2000000
lovins 228 0.000000 2000000
lovins 229 0.892407 2000000
lovins 230 0.908887 2000000
lovins 231 0.928049 2000000
lovins 232 0.993884 2000000
lovins 233 0.000000 2000000
lovins 234 0.535636 2000000
lovins 235 0.132643 2000000
lovins 236 0.993818 2000000
lovins 237 0.652244 2000000
lovins 238 0.195598 2000000
lovins 239 0.421235 2000000
lovins 240 0.333939 2000000
lovins 241 0.686072 2000000
lovins 242 0.600482 2000000
lovins 243 0.677120 2000000
lovins 244 0.301586 2000000
lovins 245 0.216410 2000000
lovins 246 0.000000 2000000
lovins 247 0.000000 2000000
lovins 248 0.000000 2000000
lovins 249 0.140148 2000000
lovins 250 0.000000 2000000
lovins 251 0.000000 2000000
lovins 252 0.982680 2000000
lovins 253 0.412145 2000000
lovins 254 0.375150 2000000
lovins 255 0.000000 2000000
lovins 256 0.935961 2000000
lovins 257 0.463026 2000000
lovins 258 0.299280 2000000
lovins 259 0.700772 2000000
lovins 260 0.370829 2000000
lovins 261 0.409955 2000000
lovins 262 0.325362 2000000
lovins 263 0.854740 2000000
lovins 264 0.649763 2000000
lovins 265 0.000000 2000000
lovins 266 0.747562 2000000
lovins 267 0.216588 2000000
lovins 268 0.649763 2000000
lovins 269 0.000000 2000000
lovins 270 0.222786 2000000
lovins 271 0.649763 2000000
lovins 272 0.225993 2000000
lovins 273 0.720338 2000000
lovins 274 0.110848 2000000
lovins 275 0.000000 2000000
lovins 276 0.758057 2000000
lovins 277 0.000000 2000000
lovins 278 0.000000 2000000
lovins 279 0.413443 2000000
lovins 280 0.507754 2000000
lovins 281 0.113535 2000000
lovins 282 0.816733 2000000
lovins 283 0.986651 2000000
lovins 284 0.983816 2000000
lovins 285 0.599371 2000000
lovins 286 0.758057 2000000
lovins 287 0.649763 2000000
lovins 288 0.486559 2000000
lovins 289 0.000000 2000000
lovins 290 0.374840 2000000
lovins 291 0.508965 2000000
lovins 292 0.973808 2000000
lovins 293 0.649763 2000000
lovins 294 0.052751 2000000
lovins 295 0.986651 2000000
lovins 296 0.840926 2000000
lovins 297 0.769966 2000000
lovins 298 0.187824 2000000
lovins 299 0.444044 2000000
lovins 300 0.000000 2000000
lovins amean 0.444698 2000000
wikt 201 0.406542 2000000
wikt 202 0.108058 2000000
wikt 203 0.573395 2000000
wikt 204 0.889884 2000000
wikt 205 0.000000 2000000
wikt 206 0.196619 2000000
wikt 207 0.261364 2000000
wikt 208 0.499673 2000000
wikt 209 0.046250 2000000
wikt 210 0.000000 2000000
wikt 211 0.598773 2000000
wikt 212 0.000000 2000000
wikt 213 0.437112 2000000
wikt 214 0.982085 2000000
wikt 215 0.250212 2000000
wikt 216 0.440845 2000000
wikt 217 0.938978 2000000
wikt 218 0.582909 2000000
wikt 219 0.000000 2000000
wikt 220 0.000000 2000000
wikt 221 0.801151 2000000
wikt 222 0.584917 2000000
wikt 223 0.693425 2000000
wikt 224 0.000000 2000000
wikt 225 0.335529 2000000
wikt 226 0.317583 2000000
wikt 227 0.908887 2000000
wikt 228 0.410901 2000000
wikt 229 0.892407 2000000
wikt 230 0.621295 2000000
wikt 231 0.928049 2000000
wikt 232 0.993884 2000000
wikt 233 0.000000 2000000
wikt 234 0.870066 2000000
wikt 235 0.132643 2000000
wikt 236 0.991818 2000000
wikt 237 0.640086 2000000
wikt 238 0.279838 2000000
wikt 239 0.593499 2000000
wikt 240 0.187824 2000000
wikt 241 0.922899 2000000
wikt 242 0.602268 2000000
wikt 243 0.708488 2000000
wikt 244 0.303941 2000000
wikt 245 0.218811 2000000
wikt 246 0.000000 2000000
wikt 247 0.000000 2000000
wikt 248 0.000000 2000000
wikt 249 0.116235 2000000
wikt 250 0.000000 2000000
wikt 251 0.195598 2000000
wikt 252 0.993939 2000000
wikt 253 0.412145 2000000
wikt 254 0.345824 2000000
wikt 255 0.000000 2000000
wikt 256 0.949150 2000000
wikt 257 0.530579 2000000
wikt 258 0.299280 2000000
wikt 259 0.825215 2000000
wikt 260 0.195488 2000000
wikt 261 0.649763 2000000
wikt 262 0.380895 2000000
wikt 263 0.572396 2000000
wikt 264 0.572396 2000000
wikt 265 0.112365 2000000
wikt 266 0.649763 2000000
wikt 267 0.216588 2000000
wikt 268 0.649763 2000000
wikt 269 0.000000 2000000
wikt 270 0.222786 2000000
wikt 271 0.649763 2000000
wikt 272 0.040130 2000000
wikt 273 0.000000 2000000
wikt 274 0.110848 2000000
wikt 275 0.000000 2000000
wikt 276 0.440607 2000000
wikt 277 0.000000 2000000
wikt 278 0.000000 2000000
wikt 279 0.483737 2000000
wikt 280 0.554710 2000000
wikt 281 0.113535 2000000
wikt 282 0.816733 2000000
wikt 283 0.992520 2000000
wikt 284 0.983816 2000000
wikt 285 0.599371 2000000
wikt 286 0.758057 2000000
wikt 287 0.649763 2000000
wikt 288 0.486559 2000000
wikt 289 0.000000 2000000
wikt 290 0.374840 2000000
wikt 291 0.476059 2000000
wikt 292 0.980192 2000000
wikt 293 0.649763 2000000
wikt 294 0.049364 2000000
wikt 295 0.986651 2000000
wikt 296 0.959439 2000000
wikt 297 0.745453 2000000
wikt 298 0.000000 2000000
wikt 299 0.444044 2000000
wikt 300 0.000000 2000000
wikt amean 0.433890 2000000
none 201 0.406542 2000000
none 202 0.122014 2000000
none 203 0.673775 2000000
none 204 0.624596 2000000
none 205 0.279838 2000000
none 206 0.358966 2000000
none 207 0.199801 2000000
none 208 0.499673 2000000
none 209 0.318019 2000000
none 210 0.164808 2000000
none 211 0.681167 2000000
none 212 0.056095 2000000
none 213 0.437112 2000000
none 214 0.937096 2000000
none 215 0.253439 2000000
none 216 0.475447 2000000
none 217 0.893541 2000000
none 218 0.487322 2000000
none 219 0.000000 2000000
none 220 0.262159 2000000
none 221 0.743675 2000000
none 222 0.603703 2000000
none 223 0.683817 2000000
none 224 0.409955 2000000
none 225 0.341818 2000000
none 226 0.302854 2000000
none 227 0.941059 2000000
none 228 0.000000 2000000
none 229 0.907913 2000000
none 230 0.572396 2000000
none 231 0.933526 2000000
none 232 0.991276 2000000
none 233 0.000000 2000000
none 234 0.556794 2000000
none 235 0.000000 2000000
none 236 0.993056 2000000
none 237 0.662096 2000000
none 238 0.279838 2000000
none 239 0.537178 2000000
none 240 0.758057 2000000
none 241 0.923918 2000000
none 242 0.581922 2000000
none 243 0.678894 2000000
none 244 0.301586 2000000
none 245 0.218811 2000000
none 246 0.000000 2000000
none 247 0.000000 2000000
none 248 0.204977 2000000
none 249 0.212784 2000000
none 250 0.000000 2000000
none 251 0.251363 2000000
none 252 0.995377 2000000
none 253 0.328218 2000000
none 254 0.343037 2000000
none 255 0.000000 2000000
none 256 0.917581 2000000
none 257 0.466223 2000000
none 258 0.458357 2000000
none 259 0.799255 2000000
none 260 0.370829 2000000
none 261 0.765488 2000000
none 262 0.000000 2000000
none 263 0.854740 2000000
none 264 0.649763 2000000
none 265 0.000000 2000000
none 266 0.765488 2000000
none 267 0.279838 2000000
none 268 0.409955 2000000
none 269 0.000000 2000000
none 270 0.222786 2000000
none 271 0.000000 2000000
none 272 0.098902 2000000
none 273 0.000000 2000000
none 274 0.114406 2000000
none 275 0.144998 2000000
none 276 0.765488 2000000
none 277 0.000000 2000000
none 278 0.000000 2000000
none 279 0.363581 2000000
none 280 0.422681 2000000
none 281 0.113535 2000000
none 282 0.856785 2000000
none 283 0.970941 2000000
none 284 0.990894 2000000
none 285 0.706479 2000000
none 286 0.279838 2000000
none 287 0.649763 2000000
none 288 0.486559 2000000
none 289 0.000000 2000000
none 290 0.374840 2000000
none 291 0.395805 2000000
none 292 0.949150 2000000
none 293 0.000000 2000000
none 294 0.089160 2000000
none 295 0.960049 2000000
none 296 0.819635 2000000
none 297 0.745453 2000000
none 298 0.000000 2000000
none 299 0.444044 2000000
none 300 0.000000 2000000
none amean 0.430946 2000000
