alpha-DCG@10
0.294848
0.048900
0.866351
0.948178
0.000000
0.302024
0.198892
0.291949
0.000000
0.347542
0.251363
0.050273
0.773021
0.891335
0.137391
0.441709
0.967381
0.000000
0.000000
0.112694
0.000000
0.476718
0.976631
0.204977
0.109750
0.092722
0.988615
0.854740
0.986651
0.000000
0.474326
0.000000
0.387659
0.680202
0.000000
0.409955
0.000000
0.216588
0.930435
0.000000
0.918352
0.426535
0.444724
0.408447
0.129953
0.000000
0.037565
0.000000
0.000000
0.000000
0.000000
0.912603
0.356302
0.348961
0.000000
0.649763
0.472357
0.204977
0.375469
0.000000
0.000000
0.000000
0.935961
0.000000
0.000000
0.324882
0.000000
0.649763
0.000000
0.000000
0.000000
0.112812
0.000000
0.000000
0.037565
0.000000
0.000000
0.000000
0.000000
0.000000
0.135367
0.251363
0.935961
0.204977
0.327450
0.000000
0.000000
0.000000
0.000000
0.000000
0.192274
0.187824
0.000000
0.000000
0.824344
0.000000
0.487600
0.000000
0.000000
0.000000
0.260080
alpha-DCG@10
0.294848
0.048900
0.789682
0.948178
0.000000
0.302024
0.198892
0.291949
0.000000
0.347542
0.251363
0.050273
0.773021
0.878145
0.131614
0.441709
0.961583
0.000000
0.000000
0.112694
0.686751
0.476718
0.981958
0.000000
0.109750
0.092722
0.988615
0.854740
0.986651
0.231450
0.535636
0.000000
0.420924
0.679716
0.000000
0.409955
0.000000
0.216588
0.930435
0.000000
0.918352
0.426535
0.442235
0.408447
0.129953
0.000000
0.000000
0.758057
0.000000
0.000000
0.000000
0.917581
0.356302
0.348961
0.000000
0.409955
0.509032
0.204977
0.757697
0.000000
0.000000
0.000000
0.935961
0.000000
0.000000
0.324882
0.000000
0.649763
0.000000
0.000000
0.000000
0.202179
0.000000
0.000000
0.037565
0.187824
0.000000
0.000000
0.000000
0.000000
0.142457
0.251363
0.935961
0.204977
0.327450
0.000000
0.000000
0.000000
0.000000
0.000000
0.192274
0.195598
0.000000
0.000000
0.924700
0.000000
0.487600
0.000000
0.000000
0.000000
0.280137
alpha-DCG@10
0.294848
0.048900
0.886926
0.906613
0.000000
0.305517
0.198892
0.291949
0.000000
0.347542
0.195598
0.050273
0.773021
0.903712
0.125375
0.462458
0.963034
0.000000
0.000000
0.112694
0.686751
0.476718
0.981958
0.216588
0.109750
0.092722
0.988615
0.854740
0.998796
0.231450
0.535636
0.000000
0.388437
0.663904
0.000000
0.409955
0.000000
0.216588
0.930435
0.251363
0.852523
0.426535
0.500930
0.408447
0.129953
0.000000
0.039120
0.758057
0.000000
0.000000
0.216588
0.917581
0.216588
0.348961
0.000000
0.409955
0.509032
0.204977
0.375469
0.000000
0.000000
0.216588
0.935961
0.000000
0.000000
0.324882
0.000000
0.649763
0.000000
0.000000
0.000000
0.202179
0.000000
0.000000
0.000000
0.279838
0.000000
0.000000
0.046640
0.000000
0.142457
0.251363
0.935961
0.204977
0.327450
0.000000
0.000000
0.000000
0.000000
0.000000
0.192274
0.216588
0.000000
0.075129
0.870066
0.000000
0.608719
0.000000
0.000000
0.000000
0.286973
alpha-DCG@10
0.294848
0.048900
0.866351
0.949150
0.000000
0.302024
0.198892
0.291949
0.000000
0.347542
0.251363
0.050273
0.773021
0.891335
0.137391
0.441709
0.982680
0.000000
0.000000
0.112694
0.686751
0.476718
0.981958
0.000000
0.109750
0.092722
0.988615
0.854740
0.986651
0.549874
0.535636
0.000000
0.440484
0.679716
0.000000
0.409955
0.000000
0.216588
0.930435
0.000000
0.918352
0.426535
0.500930
0.408447
0.129953
0.000000
0.037565
0.758057
0.000000
0.000000
0.000000
0.917581
0.356302
0.228420
0.000000
0.409955
0.509032
0.204977
0.757697
0.000000
0.000000
0.000000
0.882163
0.000000
0.000000
0.324882
0.000000
0.649763
0.000000
0.000000
0.000000
0.112812
0.550735
0.000000
0.037565
0.204977
0.000000
0.000000
0.000000
0.000000
0.142457
0.251363
0.935961
0.204977
0.327450
0.000000
0.000000
0.000000
0.000000
0.000000
0.192274
0.187824
0.000000
0.000000
0.924700
0.000000
0.487600
0.000000
0.000000
0.000000
0.288620
alpha-DCG@10
0.167575
0.000000
0.866351
0.000000
0.000000
0.304034
0.426283
0.291949
0.000000
0.347542
0.279838
0.050273
0.773021
0.878145
0.137391
0.462280
0.982680
0.000000
0.000000
0.000000
0.686751
0.476718
0.976631
0.279838
0.109750
0.092722
0.988615
0.000000
0.986651
0.549874
0.525680
0.000000
0.420924
0.663904
0.000000
0.409955
0.000000
0.231450
0.930435
0.000000
0.918352
0.426535
0.500930
0.408447
0.129953
0.000000
0.000000
0.747562
0.000000
0.000000
0.000000
0.917581
0.356302
0.228420
0.000000
0.649763
0.509032
0.204977
0.658068
0.000000
0.000000
0.000000
0.917581
0.000000
0.000000
0.324882
0.000000
0.649763
0.000000
0.000000
0.000000
0.117130
0.550735
0.000000
0.000000
0.204977
0.000000
0.000000
0.000000
0.000000
0.135367
0.251363
0.935961
0.204977
0.327450
0.000000
0.000000
0.000000
0.000000
0.000000
0.192274
0.000000
0.000000
0.000000
0.924700
0.000000
0.487600
0.000000
0.000000
0.000000
0.271779
alpha-DCG@10
0.294848
0.000000
0.866351
0.948178
0.000000
0.304034
0.198892
0.291949
0.000000
0.000000
0.251363
0.050273
0.773021
0.878145
0.131614
0.441709
0.982680
0.000000
0.000000
0.112694
0.686751
0.476718
0.981958
0.000000
0.109750
0.092722
0.988615
0.854740
0.986651
0.231450
0.535636
0.000000
0.440484
0.377637
0.000000
0.409955
0.000000
0.216588
0.930435
0.000000
0.918352
0.426535
0.500930
0.408447
0.129953
0.000000
0.000000
0.518249
0.000000
0.000000
0.000000
0.917581
0.356302
0.348961
0.000000
0.409955
0.509032
0.204977
0.757697
0.000000
0.000000
0.000000
0.935961
0.000000
0.000000
0.324882
0.000000
0.649763
0.000000
0.000000
0.000000
0.000000
0.000000
0.000000
0.000000
0.409955
0.000000
0.000000
0.000000
0.000000
0.142457
0.251363
0.935961
0.204977
0.327450
0.000000
0.000000
0.000000
0.000000
0.000000
0.192274
0.195598
0.000000
0.000000
0.924700
0.000000
0.487600
0.000000
0.000000
0.000000
0.272357
alpha-DCG@10
0.294848
0.048900
0.882163
0.906613
0.000000
0.305517
0.426283
0.291949
0.187462
0.347542
0.251363
0.149512
0.773021
0.921462
0.125375
0.462458
0.964892
0.000000
0.000000
0.216898
0.686751
0.476718
0.952488
0.216588
0.109750
0.092722
0.988615
0.464800
0.998796
0.000000
0.535636
0.000000
0.388437
0.679716
0.000000
0.826689
0.000000
0.216588
0.930435
0.251363
0.906613
0.480919
0.611521
0.408447
0.129953
0.000000
0.039120
0.572396
0.000000
0.000000
0.000000
0.912603
0.216588
0.348961
0.000000
0.000000
0.509032
0.204977
0.375469
0.000000
0.000000
0.216588
0.935961
0.000000
0.000000
0.324882
0.000000
0.649763
0.000000
0.000000
0.000000
0.000000
0.000000
0.000000
0.037565
0.279838
0.000000
0.000000
0.046640
0.000000
0.142457
0.409955
0.935961
0.000000
0.327450
0.000000
0.000000
0.000000
0.000000
0.000000
0.319906
0.000000
0.000000
0.081991
0.833307
0.000000
0.608719
0.000000
0.000000
0.000000
0.282399
