nERR-IA@10
0.247778
0.088664
0.361200
0.867223
0.000000
0.149869
0.180176
0.371189
0.022105
0.097373
0.897891
0.000000
0.280430
0.995916
0.162704
0.413033
0.987328
0.721433
0.000000
0.000000
0.761513
0.544917
0.541316
0.360717
0.578654
0.232750
0.931851
0.450896
0.866203
0.480955
0.189806
0.997231
0.000000
0.236971
0.000000
0.996600
0.613623
0.120239
0.462920
0.000000
0.961589
0.615929
0.652202
0.140710
0.228933
0.000000
0.000000
0.000000
0.219363
0.000000
0.072143
0.984456
0.378040
0.250637
0.000000
0.000000
0.311380
0.524396
0.810181
0.000000
0.721433
0.185368
0.901792
0.240478
0.060133
0.766523
0.103062
0.360717
0.000000
0.130584
0.721433
0.171702
0.000000
0.047974
0.087582
0.240478
0.000000
0.000000
0.205818
0.455619
0.090307
0.781553
0.995728
0.971179
0.446888
0.781553
0.721433
0.425371
0.000000
0.331488
0.233427
0.937863
0.432860
0.024468
0.959334
0.970929
0.777846
0.000000
0.184388
0.000000
0.378287
nERR-IA@10
0.247778
0.088664
0.000000
0.862213
0.248708
0.085885
0.180176
0.371021
0.098001
0.067620
0.897891
0.000000
0.348085
0.975304
0.227046
0.413033
0.868708
0.712630
0.000000
0.000000
0.779549
0.544917
0.549771
0.772964
0.581742
0.227074
0.947883
0.215857
0.866203
0.500995
0.913744
0.997231
0.000000
0.289539
0.062522
0.996600
0.609613
0.180358
0.282561
0.120239
0.551587
0.615929
0.652202
0.138700
0.228933
0.000000
0.000000
0.000000
0.219363
0.000000
0.000000
0.994968
0.379667
0.252913
0.000000
0.976941
0.413734
0.271909
0.825682
0.279278
0.721433
0.161177
0.901792
0.721433
0.036080
0.766523
0.103062
0.721433
0.000000
0.127055
0.000000
0.271966
0.000000
0.054672
0.087582
0.360717
0.000000
0.000000
0.205818
0.446602
0.090575
0.781553
0.995728
0.986209
0.446888
0.781553
0.721433
0.398880
0.000000
0.331488
0.262605
0.946881
0.180358
0.024468
0.993474
0.970929
0.767809
0.000000
0.184388
0.000000
0.394865
nERR-IA@10
0.262474
0.073887
0.354168
0.847398
0.103062
0.088748
0.126279
0.371021
0.098001
0.095635
0.859565
0.000000
0.345787
0.987453
0.227621
0.415150
0.868708
0.712630
0.000000
0.000000
0.761513
0.552131
0.549771
0.360717
0.322357
0.202466
0.946881
0.432860
0.888014
0.500995
0.914817
0.998103
0.000000
0.276263
0.062522
0.996600
0.609613
0.144287
0.363222
0.781553
0.842173
0.615929
0.665474
0.138700
0.228933
0.000000
0.000000
0.000000
0.219878
0.000000
0.000000
0.994968
0.270106
0.252913
0.000000
0.961911
0.319767
0.524396
0.811612
0.277268
0.721433
0.000000
0.901792
0.721433
0.057728
0.761513
0.180358
0.360717
0.000000
0.130584
0.000000
0.146636
0.000000
0.054672
0.123163
0.757505
0.000000
0.000000
0.182949
0.506721
0.090575
0.781553
0.989466
0.989206
0.466928
0.841672
0.721433
0.412856
0.000000
0.331488
0.262605
0.961911
0.000000
0.000000
0.968352
0.919827
0.692534
0.000000
0.154325
0.000000
0.398182
nERR-IA@10
0.251452
0.088664
0.361200
0.867223
0.246454
0.150339
0.126279
0.371021
0.051579
0.079792
0.895636
0.000000
0.328287
0.975304
0.162704
0.413033
0.903160
0.712630
0.000000
0.000000
0.779549
0.544917
0.549771
0.781553
0.584388
0.268087
0.947883
0.420836
0.866203
0.927557
0.913744
0.997231
0.000000
0.289539
0.062522
0.996600
0.609613
0.180358
0.375746
0.120239
0.551587
0.615929
0.652202
0.138700
0.228933
0.000000
0.000000
0.000000
0.219878
0.000000
0.072143
0.994968
0.379667
0.305292
0.000000
0.974794
0.413734
0.262198
0.825682
0.277268
0.721433
0.161177
0.901792
0.721433
0.060133
0.766523
0.103062
0.721433
0.000000
0.130584
0.000000
0.248571
0.691278
0.054672
0.087582
0.721433
0.000000
0.000000
0.182949
0.446602
0.090575
0.781553
0.995728
0.986209
0.466928
0.781553
0.721433
0.425371
0.000000
0.331488
0.262605
0.937863
0.721433
0.024468
0.991971
0.971931
0.776842
0.443381
0.154325
0.000000
0.427004
nERR-IA@10
0.193718
0.063332
0.280772
0.000000
0.248708
0.150339
0.126279
0.371021
0.051579
0.087520
0.897891
0.000000
0.342792
0.975304
0.234257
0.428599
0.912303
0.795509
0.000000
0.000000
0.779549
0.546670
0.541316
0.781553
0.578654
0.208142
0.946881
0.000000
0.866203
0.927557
0.913744
0.997231
0.000000
0.189376
0.000000
0.997544
0.609613
0.080159
0.282561
0.120239
0.551587
0.613089
0.652202
0.138700
0.228933
0.000000
0.000000
0.000000
0.083857
0.000000
0.000000
0.988965
0.379667
0.305292
0.000000
0.946881
0.413653
0.271909
0.693043
0.282435
0.360717
0.120239
0.901792
0.721433
0.000000
0.772964
0.103062
0.721433
0.000000
0.127055
0.721433
0.171702
0.701120
0.047974
0.000000
0.721433
0.000000
0.000000
0.205818
0.446602
0.090307
0.781553
0.995728
0.971179
0.466928
0.781553
0.721433
0.410921
0.000000
0.331488
0.476580
0.931851
0.721433
0.024468
0.993474
0.847398
0.777846
0.000000
0.184388
0.000000
0.404304
nERR-IA@10
0.247778
0.055415
0.390705
0.868350
0.000000
0.149869
0.180176
0.371021
0.022105
0.000000
0.520033
0.000000
0.348085
0.975304
0.227046
0.413033
0.912303
0.709624
0.000000
0.000000
0.779549
0.544917
0.549771
0.000000
0.577882
0.209937
0.931851
0.207412
0.866203
0.500995
0.913493
0.997231
0.000000
0.811612
0.000000
0.996600
0.609613
0.180358
0.486967
0.000000
0.551587
0.615929
0.665474
0.138700
0.228933
0.000000
0.000000
0.000000
0.109976
0.000000
0.072143
0.994968
0.379667
0.250637
0.000000
0.898034
0.413734
0.271909
0.824787
0.108496
0.721433
0.161177
0.901792
0.721433
0.036080
0.766523
0.103062
0.721433
0.000000
0.130584
0.721433
0.017546
0.000000
0.048597
0.000000
0.240478
0.000000
0.000000
0.205818
0.446602
0.090575
0.781553
0.995728
0.986209
0.466928
0.781553
0.721433
0.412856
0.000000
0.331488
0.408497
0.946881
0.721433
0.024468
0.991971
0.970929
0.767809
0.000000
0.184388
0.000000
0.396089
nERR-IA@10
0.247778
0.088664
0.541075
0.366442
0.240478
0.171770
0.126279
0.371021
0.270791
0.087907
0.895636
0.022319
0.348085
0.915873
0.227621
0.415171
0.893883
0.541075
0.000000
0.291066
0.757505
0.552131
0.540753
0.360717
0.581742
0.199171
0.947883
0.000000
0.888014
0.480955
0.914057
0.994225
0.000000
0.352701
0.000000
0.997231
0.630167
0.144287
0.363222
0.793577
0.970607
0.610238
0.654098
0.138700
0.240379
0.000000
0.000000
0.103062
0.219694
0.000000
0.144287
0.996600
0.270106
0.252913
0.000000
0.937863
0.319767
0.524396
0.811612
0.277268
0.721433
0.000000
0.901792
0.721433
0.000000
0.823636
0.144287
0.360717
0.000000
0.130584
0.000000
0.070185
0.000000
0.063550
0.087582
0.761513
0.000000
0.000000
0.182949
0.434792
0.090575
0.834157
0.990092
0.989967
0.721433
0.240478
0.721433
0.410921
0.000000
0.331488
0.262605
0.946881
0.000000
0.042819
0.959334
0.807318
0.692534
0.000000
0.154325
0.000000
0.396337
