nERR-IA@10
0.299094
0.184717
0.943124
0.811612
0.000000
0.112939
0.143448
0.532474
0.000000
0.305385
0.000000
0.000000
0.269147
0.975250
0.094911
0.373567
0.862696
0.120239
0.000000
0.000000
0.000000
0.546783
0.959764
0.721433
0.000000
0.113555
0.996292
0.000000
0.982684
0.000000
0.970553
0.240478
0.460523
0.861712
0.000000
0.937863
0.000000
0.360717
0.961911
0.000000
0.721433
0.531435
0.182010
0.125993
0.212836
0.000000
0.000000
0.000000
0.247446
0.000000
0.000000
0.000000
0.273360
0.035403
0.000000
0.180358
0.608644
0.000000
0.200398
0.000000
0.000000
0.000000
0.412248
0.000000
0.000000
0.000000
0.000000
0.360717
0.000000
0.000000
0.000000
0.361890
0.000000
0.000000
0.083933
0.000000
0.000000
0.000000
0.054885
0.000000
0.015030
0.000000
0.961911
0.000000
0.498132
0.000000
0.000000
0.433499
0.000000
0.348536
0.160481
0.072143
0.000000
0.028546
0.862714
0.000000
0.534455
0.000000
0.000000
0.000000
0.236513
nERR-IA@10
0.299094
0.184717
0.860567
0.811612
0.000000
0.072143
0.143448
0.532474
0.000000
0.305385
0.000000
0.000000
0.269147
0.975250
0.138052
0.373567
0.930849
0.120239
0.000000
0.000000
0.305607
0.546783
0.959764
0.721433
0.000000
0.113555
0.996694
0.000000
0.982684
0.000000
0.990092
0.240478
0.587131
0.861712
0.000000
0.946881
0.000000
0.360717
0.961911
0.000000
0.721433
0.531435
0.182010
0.125993
0.212836
0.000000
0.000000
0.721433
0.247446
0.000000
0.000000
0.000000
0.273360
0.035403
0.000000
0.180358
0.608644
0.000000
0.680101
0.000000
0.000000
0.000000
0.171770
0.000000
0.000000
0.000000
0.000000
0.240478
0.000000
0.000000
0.000000
0.378340
0.000000
0.000000
0.083933
0.000000
0.000000
0.000000
0.054885
0.000000
0.015030
0.000000
0.961911
0.000000
0.498132
0.000000
0.000000
0.433499
0.000000
0.238672
0.160481
0.080159
0.000000
0.028546
0.862714
0.000000
0.534455
0.000000
0.000000
0.000000
0.248554
nERR-IA@10
0.299094
0.184717
0.946881
0.841672
0.000000
0.117662
0.143448
0.532474
0.000000
0.305385
0.000000
0.000000
0.269147
0.990280
0.103539
0.331980
0.944734
0.120239
0.000000
0.000000
0.314553
0.546783
0.959764
0.721433
0.000000
0.113555
0.996694
0.000000
0.998510
0.000000
0.993152
0.240478
0.460523
0.861712
0.000000
0.946881
0.000000
0.360717
0.961911
0.000000
0.721433
0.531435
0.222457
0.125993
0.212836
0.000000
0.000000
0.721433
0.272191
0.000000
0.000000
0.000000
0.205020
0.035403
0.000000
0.180358
0.608644
0.000000
0.200398
0.000000
0.000000
0.000000
0.171770
0.000000
0.000000
0.000000
0.000000
0.360717
0.000000
0.000000
0.000000
0.378340
0.000000
0.000000
0.065687
0.000000
0.000000
0.000000
0.000000
0.000000
0.015030
0.000000
0.961911
0.000000
0.498132
0.000000
0.000000
0.433499
0.000000
0.348536
0.160481
0.103062
0.000000
0.000000
0.862714
0.000000
0.541983
0.000000
0.000000
0.000000
0.245474
nERR-IA@10
0.299094
0.184717
0.943124
0.822634
0.000000
0.062982
0.143448
0.532474
0.000000
0.305385
0.000000
0.000000
0.269147
0.975250
0.094911
0.373567
0.861819
0.120239
0.000000
0.000000
0.314553
0.546783
0.959764
0.721433
0.000000
0.113555
0.996292
0.000000
0.982684
0.356923
0.993152
0.240478
0.587131
0.861712
0.000000
0.937863
0.000000
0.360717
0.961911
0.000000
0.721433
0.531435
0.282115
0.125993
0.212836
0.000000
0.000000
0.721433
0.247446
0.000000
0.000000
0.000000
0.273360
0.074495
0.000000
0.180358
0.608644
0.000000
0.680101
0.000000
0.000000
0.000000
0.171770
0.000000
0.000000
0.000000
0.000000
0.240478
0.000000
0.000000
0.000000
0.361890
0.633763
0.000000
0.083933
0.000000
0.000000
0.000000
0.054885
0.000000
0.015030
0.000000
0.961911
0.000000
0.498132
0.000000
0.000000
0.433499
0.000000
0.348536
0.160481
0.072143
0.000000
0.028546
0.862714
0.000000
0.534455
0.000000
0.000000
0.000000
0.260456
nERR-IA@10
0.186370
0.147774
0.819342
0.000000
0.000000
0.072143
0.116310
0.532474
0.000000
0.305385
0.000000
0.000000
0.269147
0.975250
0.094911
0.329822
0.862696
0.120239
0.000000
0.000000
0.314553
0.546783
0.959764
0.901792
0.000000
0.113555
0.996694
0.000000
0.982684
0.356923
0.988643
0.240478
0.587131
0.859708
0.000000
0.937863
0.000000
0.360717
0.961911
0.000000
0.721433
0.530203
0.282115
0.125993
0.212836
0.000000
0.000000
0.721433
0.123723
0.000000
0.000000
0.000000
0.273360
0.073020
0.000000
0.180358
0.559911
0.000000
0.150299
0.000000
0.000000
0.000000
0.292009
0.000000
0.000000
0.000000
0.000000
0.240478
0.000000
0.000000
0.000000
0.361890
0.633763
0.000000
0.000000
0.000000
0.000000
0.000000
0.054885
0.000000
0.015030
0.000000
0.961911
0.000000
0.498132
0.000000
0.000000
0.433499
0.000000
0.348536
0.160481
0.120239
0.000000
0.028546
0.862714
0.000000
0.534455
0.000000
0.000000
0.000000
0.244423
nERR-IA@10
0.299094
0.000000
0.943124
0.811612
0.000000
0.072143
0.143448
0.532474
0.000000
0.000000
0.000000
0.000000
0.269147
0.975250
0.138052
0.373567
0.862696
0.120239
0.000000
0.000000
0.314553
0.546783
0.959764
0.000000
0.000000
0.113555
0.996292
0.000000
0.982684
0.000000
0.990092
0.240478
0.587131
0.480955
0.000000
0.937863
0.000000
0.360717
0.961911
0.000000
0.721433
0.531435
0.222457
0.125993
0.212836
0.000000
0.000000
0.721433
0.123723
0.000000
0.000000
0.000000
0.273360
0.035403
0.000000
0.180358
0.608644
0.000000
0.680101
0.000000
0.000000
0.000000
0.412248
0.000000
0.000000
0.000000
0.000000
0.240478
0.000000
0.000000
0.000000
0.000000
0.000000
0.000000
0.000000
0.000000
0.000000
0.000000
0.054885
0.000000
0.015030
0.000000
0.961911
0.000000
0.500995
0.000000
0.000000
0.433499
0.000000
0.348536
0.160481
0.080159
0.000000
0.028546
0.862714
0.000000
0.534455
0.000000
0.000000
0.000000
0.230847
nERR-IA@10
0.299094
0.184717
0.841672
0.841672
0.000000
0.117662
0.116310
0.532474
0.000000
0.305385
0.000000
0.028696
0.269147
0.989206
0.103539
0.329822
0.850690
0.326363
0.000000
0.000000
0.314553
0.546783
0.921831
0.721433
0.000000
0.113555
0.996694
0.000000
0.998510
0.000000
0.991971
0.000000
0.460523
0.881966
0.000000
0.961911
0.000000
0.360717
0.961911
0.000000
0.721433
0.621854
0.433285
0.125993
0.212836
0.000000
0.000000
0.721433
0.494892
0.000000
0.000000
0.000000
0.205020
0.035403
0.000000
0.000000
0.608644
0.000000
0.200398
0.000000
0.000000
0.000000
0.171770
0.000000
0.000000
0.000000
0.000000
0.360717
0.000000
0.000000
0.000000
0.000000
0.000000
0.000000
0.083933
0.000000
0.000000
0.000000
0.000000
0.000000
0.017177
0.000000
0.961911
0.080159
0.521035
0.000000
0.000000
0.433499
0.000000
0.348536
0.165344
0.000000
0.000000
0.000000
0.862714
0.000000
0.541983
0.000000
0.000000
0.080159
0.243789
