nERR-IA@10
0.268032
0.088664
0.372705
0.869155
0.000000
0.039752
0.172849
0.367254
0.022105
0.054096
0.973058
0.000000
0.187841
0.998510
0.159314
0.413033
0.987837
0.721433
0.000000
0.041581
0.126251
0.545811
0.538498
0.721433
0.585999
0.228411
0.941871
0.432860
0.866203
0.240478
0.195818
0.997231
0.000000
0.272040
0.000000
0.992091
0.610415
0.180358
0.536065
0.000000
0.982058
0.615929
0.665474
0.164832
0.233702
0.000000
0.000000
0.000000
0.086091
0.000000
0.000000
0.984456
0.379667
0.238051
0.000000
0.000000
0.417141
0.495263
0.797656
0.000000
0.360717
0.195818
0.721433
0.240478
0.079032
0.721433
0.120239
0.080159
0.000000
0.163054
0.103062
0.129769
0.000000
0.065046
0.114952
0.116231
0.000000
0.000000
0.240120
0.877744
0.089618
0.772964
0.997231
0.984831
0.867724
0.450896
0.144287
0.322415
0.000000
0.330015
0.408497
0.937863
0.180358
0.000000
0.957903
0.956901
0.617258
0.000000
0.156329
0.000000
0.353137
nERR-IA@10
0.268032
0.088664
0.000000
0.868350
0.390454
0.037217
0.174464
0.367254
0.103159
0.054096
0.973058
0.000000
0.200491
0.977066
0.225197
0.413033
0.793577
0.716924
0.000000
0.041581
0.090179
0.545811
0.538498
0.721433
0.327937
0.255527
0.952392
0.189376
0.866203
0.225448
0.535546
0.997231
0.000000
0.352701
0.000000
0.992091
0.610014
0.360717
0.536065
0.120239
0.982058
0.615929
0.665474
0.164832
0.233702
0.000000
0.000000
0.000000
0.115327
0.000000
0.000000
0.994968
0.379667
0.238051
0.000000
0.961911
0.408488
0.262198
0.813157
0.249714
0.360717
0.143142
0.721433
0.721433
0.079032
0.721433
0.090179
0.090179
0.000000
0.158819
0.000000
0.129769
0.000000
0.063550
0.114952
0.412248
0.000000
0.000000
0.251555
0.877744
0.089618
0.772964
0.997231
0.982684
0.867724
0.450896
0.144287
0.322415
0.000000
0.328836
0.408497
0.946881
0.000000
0.017128
0.979947
0.958153
0.617258
0.000000
0.142800
0.000000
0.369590
nERR-IA@10
0.268032
0.088664
0.354168
0.378108
0.180358
0.054230
0.098863
0.367254
0.103159
0.052744
0.539321
0.000000
0.200491
0.996605
0.227046
0.415171
0.793577
0.716924
0.000000
0.032341
0.090179
0.530480
0.538498
0.721433
0.327937
0.226598
0.949136
0.420836
0.888014
0.225448
0.534920
0.997947
0.000000
0.292581
0.000000
0.992091
0.610014
0.360717
0.532039
0.721433
0.982058
0.615929
0.654098
0.199005
0.228933
0.000000
0.000000
0.000000
0.087833
0.000000
0.000000
0.994968
0.276940
0.238051
0.000000
0.946881
0.408123
0.495263
0.799087
0.257980
0.360717
0.000000
0.721433
0.721433
0.084187
0.721433
0.180358
0.090179
0.000000
0.158819
0.000000
0.129769
0.000000
0.060840
0.123163
0.721433
0.000000
0.000000
0.265276
0.946881
0.089618
0.772964
0.990897
0.986388
0.873736
0.841672
0.180358
0.322415
0.000000
0.328836
0.408497
0.961911
0.000000
0.000000
0.952893
0.901792
0.592166
0.000000
0.146021
0.000000
0.376486
nERR-IA@10
0.290076
0.088664
0.372705
0.866203
0.390705
0.036072
0.098863
0.366751
0.103159
0.054096
0.973058
0.000000
0.177946
0.992498
0.158595
0.413033
0.889123
0.716924
0.000000
0.041581
0.126251
0.545811
0.538498
0.721433
0.585999
0.206604
0.949136
0.420836
0.866203
0.813616
0.535546
0.997231
0.000000
0.287285
0.000000
0.992091
0.610014
0.360717
0.537317
0.120239
0.982058
0.615929
0.654098
0.199005
0.233702
0.000000
0.000000
0.000000
0.115327
0.000000
0.000000
0.994968
0.379667
0.294354
0.000000
0.961911
0.408488
0.256371
0.812030
0.245925
0.360717
0.143142
0.721433
0.721433
0.084187
0.721433
0.120239
0.090179
0.000000
0.158819
0.000000
0.129769
0.696325
0.070653
0.087582
0.360717
0.000000
0.000000
0.240120
0.877744
0.089618
0.772964
0.997231
0.984831
0.867724
0.450896
0.180358
0.322415
0.000000
0.328836
0.408497
0.946881
0.180358
0.017128
0.979947
0.958153
0.617258
0.811612
0.142800
0.000000
0.400407
nERR-IA@10
0.202903
0.063332
0.282025
0.000000
0.303585
0.046378
0.111786
0.367254
0.103159
0.052744
0.973058
0.000000
0.185586
0.976905
0.234257
0.427351
0.912939
0.796582
0.000000
0.036383
0.126251
0.545811
0.538498
0.721433
0.584234
0.219824
0.942086
0.000000
0.866203
0.813616
0.534920
0.997231
0.000000
0.207412
0.000000
0.996319
0.610014
0.120239
0.536065
0.080159
0.982058
0.613089
0.654098
0.201015
0.228933
0.000000
0.000000
0.000000
0.016496
0.000000
0.000000
0.991720
0.379667
0.294354
0.000000
0.946881
0.408042
0.256371
0.379504
0.245925
0.144287
0.103062
0.721433
0.721433
0.000000
0.721433
0.103062
0.090179
0.000000
0.163054
0.090179
0.097061
0.696325
0.054672
0.000000
0.412248
0.000000
0.000000
0.241754
0.877744
0.089618
0.772964
0.997231
0.984831
0.867724
0.450896
0.180358
0.322415
0.000000
0.328836
0.408497
0.931851
0.180358
0.017128
0.979947
0.843175
0.617258
0.000000
0.156329
0.000000
0.364820
nERR-IA@10
0.268032
0.055415
0.378609
0.869155
0.103062
0.050059
0.174464
0.366751
0.022105
0.000000
0.501997
0.000000
0.200491
0.977062
0.225197
0.413033
0.974937
0.721433
0.000000
0.041581
0.126251
0.545811
0.538498
0.000000
0.585006
0.233007
0.941871
0.243484
0.866203
0.225448
0.534920
0.997231
0.000000
0.432860
0.000000
0.992091
0.605201
0.360717
0.537317
0.000000
0.982058
0.615929
0.654098
0.199005
0.233702
0.000000
0.000000
0.000000
0.016496
0.000000
0.000000
0.994968
0.379667
0.238051
0.000000
0.946881
0.408488
0.262198
0.812262
0.014466
0.360717
0.143142
0.721433
0.360717
0.079032
0.721433
0.090179
0.090179
0.000000
0.163054
0.090179
0.100891
0.000000
0.063550
0.000000
0.360717
0.000000
0.000000
0.240120
0.877744
0.089618
0.772964
0.997231
0.984831
0.873736
0.450896
0.144287
0.321913
0.000000
0.328836
0.408497
0.946881
0.180358
0.000000
0.979947
0.956901
0.617258
0.000000
0.150316
0.000000
0.355351
nERR-IA@10
0.268032
0.088664
0.526045
0.859064
0.180358
0.052390
0.111786
0.367254
0.386845
0.054096
0.973058
0.000000
0.200491
0.991022
0.229511
0.415171
0.781553
0.541075
0.000000
0.291066
0.090179
0.530480
0.541003
0.721433
0.587322
0.215832
0.953645
0.000000
0.888014
0.240478
0.532057
0.995728
0.000000
0.348406
0.000000
0.993474
0.618780
0.360717
0.532039
0.721433
0.982058
0.617620
0.656536
0.199005
0.240379
0.000000
0.000000
0.120239
0.122807
0.000000
0.144287
0.996600
0.276940
0.238051
0.000000
0.970929
0.408123
0.495263
0.799087
0.245925
0.090179
0.000000
0.721433
0.721433
0.000000
0.772964
0.144287
0.072143
0.000000
0.163054
0.000000
0.143294
0.000000
0.078503
0.114952
0.721433
0.000000
0.000000
0.265276
0.937863
0.089618
0.831652
0.990897
0.985887
0.848352
0.240478
0.180358
0.321913
0.000000
0.328836
0.350140
0.946881
0.000000
0.185549
0.952893
0.795509
0.592166
0.000000
0.150316
0.000000
0.384406
