nERR-IA@10
0.000000
0.000000
0.000000
0.000000
0.000000
0.120239
0.000000
0.000000
0.000000
0.121717
0.000000
0.040175
0.000000
0.000000
0.000000
0.000000
0.721433
0.000000
0.000000
0.000000
0.000000
0.000000
0.000000
0.000000
0.000000
0.000000
0.000000
0.000000
0.000000
0.000000
0.000000
0.000000
0.000000
0.000000
0.000000
0.000000
0.000000
0.000000
0.000000
0.240478
0.000000
0.000000
0.000000
0.000000
0.000000
0.000000
0.000000
0.000000
0.000000
0.000000
0.024881
nERR-IA@10
0.000000
0.000000
0.000000
0.000000
0.000000
0.120239
0.000000
0.000000
0.000000
0.121717
0.000000
0.050219
0.000000
0.000000
0.000000
0.000000
0.721433
0.000000
0.000000
0.000000
0.000000
0.000000
0.000000
0.000000
0.000000
0.000000
0.000000
0.000000
0.000000
0.000000
0.000000
0.000000
0.000000
0.000000
0.000000
0.000000
0.000000
0.000000
0.000000
0.721433
0.000000
0.000000
0.000000
0.000000
0.000000
0.000000
0.000000
0.000000
0.000000
0.000000
0.034701
nERR-IA@10
0.000000
0.000000
0.000000
0.000000
0.000000
0.072143
0.000000
0.000000
0.000000
0.121717
0.000000
0.050219
0.000000
0.000000
0.000000
0.000000
0.721433
0.000000
0.000000
0.000000
0.000000
0.000000
0.000000
0.000000
0.000000
0.000000
0.000000
0.000000
0.000000
0.000000
0.000000
0.000000
0.000000
0.000000
0.000000
0.000000
0.000000
0.000000
0.000000
0.360717
0.000000
0.000000
0.000000
0.000000
0.000000
0.000000
0.000000
0.000000
0.000000
0.000000
0.026525
nERR-IA@10
0.000000
0.000000
0.000000
0.000000
0.000000
0.120239
0.000000
0.000000
0.000000
0.121717
0.000000
0.050219
0.000000
0.000000
0.000000
0.000000
0.721433
0.000000
0.240478
0.000000
0.000000
0.000000
0.000000
0.000000
0.000000
0.000000
0.000000
0.000000
0.000000
0.000000
0.000000
0.000000
0.000000
0.000000
0.000000
0.000000
0.000000
0.000000
0.000000
0.721433
0.000000
0.000000
0.000000
0.000000
0.000000
0.000000
0.000000
0.000000
0.000000
0.000000
0.039510
nERR-IA@10
0.000000
0.000000
0.000000
0.000000
0.000000
0.120239
0.000000
0.000000
0.000000
0.121717
0.000000
0.050219
0.000000
0.000000
0.000000
0.000000
0.721433
0.000000
0.000000
0.000000
0.000000
0.000000
0.000000
0.000000
0.000000
0.000000
0.000000
0.000000
0.000000
0.000000
0.000000
0.000000
0.000000
0.000000
0.000000
0.000000
0.000000
0.000000
0.000000
0.144287
0.000000
0.000000
0.000000
0.000000
0.000000
0.000000
0.000000
0.000000
0.000000
0.000000
0.023158
nERR-IA@10
0.000000
0.000000
0.000000
0.000000
0.000000
0.072143
0.000000
0.000000
0.000000
0.121717
0.000000
0.100437
0.000000
0.000000
0.000000
0.000000
0.721433
0.000000
0.000000
0.000000
0.000000
0.000000
0.000000
0.000000
0.000000
0.000000
0.000000
0.000000
0.000000
0.000000
0.000000
0.000000
0.000000
0.000000
0.000000
0.000000
0.000000
0.000000
0.000000
0.360717
0.000000
0.000000
0.000000
0.000000
0.000000
0.000000
0.000000
0.000000
0.000000
0.000000
0.027529
nERR-IA@10
0.000000
0.000000
0.000000
0.000000
0.000000
0.072143
0.000000
0.000000
0.000000
0.121717
0.000000
0.100437
0.000000
0.000000
0.000000
0.000000
0.721433
0.000000
0.000000
0.000000
0.000000
0.000000
0.000000
0.000000
0.000000
0.000000
0.000000
0.000000
0.000000
0.000000
0.000000
0.000000
0.000000
0.000000
0.000000
0.000000
0.000000
0.000000
0.000000
0.360717
0.000000
0.000000
0.000000
0.000000
0.000000
0.000000
0.000000
0.000000
0.000000
0.000000
0.027529
