nERR-IA@10
0.522514
0.221660
0.905298
0.972432
0.000000
0.262562
0.422407
0.477414
0.241778
0.169896
0.996292
0.000000
0.354147
0.915873
0.034513
0.632309
0.536065
0.287822
0.000000
0.036383
0.517027
0.728042
0.989967
0.144287
0.466893
0.217242
0.933354
0.432860
0.975429
0.901792
0.278267
0.979947
0.000000
0.400796
0.140673
0.538498
0.299077
0.000000
0.363222
0.180358
0.983382
0.207866
0.682537
0.398010
0.222573
0.000000
0.000000
0.000000
0.226996
0.000000
0.403969
nERR-IA@10
0.522514
0.221660
0.000000
0.975653
0.254434
0.348447
0.422407
0.477414
0.283686
0.170983
0.996292
0.000000
0.354147
0.915873
0.041416
0.637344
0.360717
0.290577
0.000000
0.036383
0.884615
0.728042
0.989967
0.721433
0.472451
0.266458
0.946094
0.120239
0.975429
0.901792
0.511015
0.979947
0.000000
0.405806
0.187565
0.547516
0.299077
0.000000
0.363222
0.000000
0.996292
0.207866
0.682537
0.398010
0.228933
0.000000
0.000000
0.000000
0.226996
0.000000
0.407025
nERR-IA@10
0.412295
0.221660
0.950370
0.904797
0.090179
0.765521
0.270835
0.477414
0.283686
0.170983
0.996292
0.000000
0.354147
0.917506
0.051769
0.591890
0.360717
0.287822
0.000000
0.036383
0.871732
0.723905
0.989967
0.180358
0.469363
0.303370
0.952875
0.280557
0.975429
0.901792
0.526045
0.976941
0.000000
0.405806
0.187565
0.549771
0.299077
0.000000
0.342144
0.793577
0.995191
0.207866
0.669537
0.398010
0.228933
0.000000
0.000000
0.000000
0.228027
0.000000
0.432042
nERR-IA@10
0.522514
0.221660
0.905298
0.972432
0.254434
0.284034
0.270835
0.477414
0.283686
0.230755
0.996292
0.000000
0.346632
0.915873
0.034513
0.637344
0.383011
0.290577
0.000000
0.036383
0.860567
0.728042
0.989967
0.721433
0.444660
0.266458
0.938865
0.280557
0.975429
0.901792
0.511015
0.979947
0.000000
0.405806
0.187565
0.547516
0.299077
0.000000
0.367695
0.000000
0.996292
0.207866
0.669537
0.398010
0.228933
0.000000
0.000000
0.000000
0.226996
0.000000
0.423954
nERR-IA@10
0.377416
0.221660
0.894026
0.000000
0.148295
0.404518
0.265020
0.477205
0.283686
0.173954
0.989967
0.000000
0.354147
0.915873
0.029583
0.593635
0.526045
0.277426
0.000000
0.032341
0.890626
0.720920
0.989967
0.721433
0.466893
0.309522
0.946094
0.000000
0.975429
0.901792
0.511015
0.979947
0.000000
0.721433
0.187565
0.549091
0.297788
0.000000
0.363222
0.120239
0.997231
0.207866
0.669537
0.398010
0.228933
0.000000
0.000000
0.000000
0.120941
0.000000
0.404806
nERR-IA@10
0.522514
0.221660
0.910434
0.904797
0.120239
0.797012
0.268481
0.477205
0.303029
0.169896
0.996292
0.100437
0.346632
0.916942
0.051769
0.591890
0.360717
0.180358
0.000000
0.291066
0.843175
0.723905
0.985583
0.180358
0.469363
0.296778
0.952875
0.000000
0.975429
0.901792
0.535063
0.976941
0.000000
0.766523
0.140673
0.991971
0.300796
0.000000
0.342144
0.841672
0.982577
0.204687
0.637035
0.398010
0.210332
0.000000
0.000000
0.000000
0.228092
0.000000
0.448343
nERR-IA@10
0.522514
0.221660
0.910434
0.904797
0.120239
0.797012
0.268481
0.477205
0.303029
0.169896
0.996292
0.100437
0.346632
0.916942
0.051769
0.591890
0.360717
0.180358
0.000000
0.291066
0.843175
0.723905
0.985583
0.180358
0.469363
0.296778
0.952875
0.000000
0.975429
0.901792
0.535063
0.976941
0.000000
0.766523
0.140673
0.991971
0.300796
0.000000
0.342144
0.841672
0.982577
0.204687
0.637035
0.398010
0.210332
0.000000
0.000000
0.000000
0.228092
0.000000
0.448343
