alpha-DCG@10
0.541469
0.000000
0.187824
0.000000
0.000000
0.000000
0.000000
0.324882
0.000000
0.515096
0.000000
0.000000
0.324882
0.525680
0.031304
0.389648
0.649763
0.000000
0.000000
0.000000
0.251363
0.724017
0.324882
0.000000
0.068326
0.221979
0.409955
0.649763
0.518249
0.000000
0.187824
0.216588
0.000000
0.216588
0.000000
0.195598
0.000000
0.000000
0.649763
0.000000
0.000000
0.324882
0.102489
0.324882
0.000000
0.000000
0.000000
0.000000
0.274143
0.000000
0.000000
0.000000
0.000000
0.000000
0.000000
0.000000
0.000000
0.000000
0.712284
0.000000
0.000000
0.000000
0.000000
0.000000
0.000000
0.000000
0.000000
0.000000
0.000000
0.055968
0.000000
0.000000
0.000000
0.000000
0.000000
0.000000
0.000000
0.000000
0.000000
0.000000
0.000000
0.216588
0.000000
0.000000
0.000000
0.000000
0.000000
0.000000
0.000000
0.000000
0.185647
0.000000
0.000000
0.000000
0.649763
0.000000
0.000000
0.000000
0.000000
0.195598
0.111677
alpha-DCG@10
0.541469
0.000000
0.195598
0.000000
0.000000
0.000000
0.000000
0.324882
0.000000
0.515096
0.000000
0.000000
0.324882
0.525680
0.031304
0.389648
0.649763
0.000000
0.000000
0.000000
0.279838
0.724017
0.324882
0.000000
0.072196
0.221979
0.409955
0.409955
0.518249
0.000000
0.251363
0.216588
0.000000
0.216588
0.000000
0.187824
0.000000
0.000000
0.649763
0.000000
0.000000
0.324882
0.102489
0.324882
0.000000
0.000000
0.000000
0.409955
0.274143
0.000000
0.000000
0.000000
0.000000
0.000000
0.000000
0.000000
0.000000
0.000000
0.712284
0.000000
0.000000
0.000000
0.000000
0.000000
0.000000
0.000000
0.000000
0.000000
0.000000
0.055968
0.000000
0.000000
0.000000
0.000000
0.000000
0.000000
0.000000
0.000000
0.000000
0.000000
0.000000
0.216588
0.000000
0.000000
0.000000
0.000000
0.000000
0.000000
0.000000
0.000000
0.185647
0.000000
0.000000
0.000000
0.649763
0.000000
0.000000
0.000000
0.000000
0.195598
0.114337
alpha-DCG@10
0.541469
0.000000
0.187824
0.000000
0.000000
0.000000
0.000000
0.324882
0.000000
0.515096
0.000000
0.000000
0.324882
0.187824
0.031304
0.381351
0.649763
0.000000
0.000000
0.000000
0.279838
0.724017
0.324882
0.000000
0.072196
0.221979
0.409955
0.649763
0.525680
0.000000
0.251363
0.231450
0.000000
0.204977
0.000000
0.204977
0.000000
0.000000
0.649763
0.000000
0.000000
0.324882
0.102489
0.324882
0.000000
0.000000
0.000000
0.649763
0.310178
0.000000
0.000000
0.000000
0.000000
0.000000
0.000000
0.000000
0.000000
0.000000
0.712284
0.000000
0.000000
0.000000
0.000000
0.000000
0.000000
0.000000
0.000000
0.000000
0.000000
0.055968
0.000000
0.000000
0.000000
0.000000
0.000000
0.324882
0.000000
0.000000
0.000000
0.000000
0.000000
0.216588
0.000000
0.000000
0.000000
0.000000
0.000000
0.000000
0.000000
0.000000
0.185647
0.000000
0.000000
0.050273
0.649763
0.000000
0.000000
0.000000
0.000000
0.216588
0.120194
alpha-DCG@10
0.541469
0.000000
0.187824
0.000000
0.000000
0.000000
0.000000
0.324882
0.000000
0.515096
0.000000
0.000000
0.324882
0.525680
0.031304
0.389648
0.649763
0.000000
0.000000
0.000000
0.279838
0.724017
0.324882
0.000000
0.072196
0.221979
0.409955
0.649763
0.518249
0.000000
0.251363
0.216588
0.000000
0.204977
0.000000
0.195598
0.000000
0.000000
0.649763
0.000000
0.000000
0.324882
0.102489
0.324882
0.000000
0.000000
0.000000
0.649763
0.274143
0.000000
0.000000
0.000000
0.000000
0.000000
0.000000
0.000000
0.000000
0.000000
0.712284
0.000000
0.000000
0.000000
0.000000
0.000000
0.000000
0.000000
0.000000
0.000000
0.000000
0.055968
0.000000
0.000000
0.433175
0.000000
0.000000
0.216588
0.000000
0.000000
0.000000
0.000000
0.000000
0.216588
0.000000
0.000000
0.000000
0.000000
0.000000
0.000000
0.000000
0.000000
0.185647
0.000000
0.000000
0.000000
0.649763
0.000000
0.000000
0.000000
0.000000
0.195598
0.125515
alpha-DCG@10
0.541469
0.000000
0.195598
0.000000
0.000000
0.000000
0.000000
0.324882
0.000000
0.515096
0.000000
0.000000
0.324882
0.518249
0.032600
0.381351
0.649763
0.000000
0.000000
0.000000
0.279838
0.676056
0.324882
0.000000
0.068326
0.221979
0.409955
0.000000
0.518249
0.000000
0.251363
0.216588
0.000000
0.187824
0.000000
0.000000
0.000000
0.000000
0.649763
0.000000
0.000000
0.324882
0.102489
0.324882
0.000000
0.000000
0.000000
0.649763
0.259905
0.000000
0.000000
0.000000
0.000000
0.000000
0.000000
0.000000
0.000000
0.000000
0.712284
0.000000
0.000000
0.000000
0.000000
0.000000
0.000000
0.000000
0.000000
0.000000
0.000000
0.055968
0.000000
0.000000
0.433175
0.000000
0.000000
0.216588
0.000000
0.000000
0.000000
0.000000
0.000000
0.279838
0.000000
0.000000
0.000000
0.000000
0.000000
0.000000
0.000000
0.000000
0.185647
0.000000
0.000000
0.000000
0.649763
0.000000
0.000000
0.000000
0.000000
0.187824
0.116717
alpha-DCG@10
0.541469
0.000000
0.187824
0.000000
0.000000
0.000000
0.000000
0.324882
0.000000
0.000000
0.000000
0.000000
0.324882
0.518249
0.031304
0.389648
0.649763
0.000000
0.000000
0.000000
0.279838
0.724017
0.324882
0.000000
0.068326
0.221979
0.409955
0.649763
0.518249
0.000000
0.251363
0.216588
0.000000
0.000000
0.000000
0.195598
0.000000
0.000000
0.649763
0.000000
0.000000
0.324882
0.102489
0.324882
0.000000
0.000000
0.000000
0.409955
0.259905
0.000000
0.000000
0.000000
0.000000
0.000000
0.000000
0.000000
0.000000
0.000000
0.712284
0.000000
0.000000
0.000000
0.000000
0.000000
0.000000
0.000000
0.000000
0.000000
0.000000
0.055968
0.000000
0.000000
0.000000
0.000000
0.000000
0.231450
0.000000
0.000000
0.000000
0.000000
0.000000
0.216588
0.000000
0.000000
0.000000
0.000000
0.000000
0.000000
0.000000
0.000000
0.185647
0.000000
0.000000
0.000000
0.649763
0.000000
0.000000
0.000000
0.000000
0.216588
0.111687
alpha-DCG@10
0.541469
0.000000
0.195598
0.000000
0.000000
0.000000
0.000000
0.324882
0.000000
0.515096
0.000000
0.000000
0.324882
0.231450
0.032600
0.381351
0.649763
0.000000
0.000000
0.000000
0.251363
0.724017
0.324882
0.000000
0.072196
0.221979
0.409955
0.324882
0.525680
0.000000
0.231450
0.409955
0.000000
0.231450
0.000000
0.231450
0.000000
0.000000
0.649763
0.000000
0.000000
0.324882
0.102489
0.324882
0.000000
0.000000
0.000000
0.649763
0.310178
0.000000
0.000000
0.000000
0.000000
0.000000
0.000000
0.000000
0.000000
0.000000
0.712284
0.000000
0.000000
0.000000
0.000000
0.000000
0.000000
0.000000
0.000000
0.000000
0.000000
0.055968
0.000000
0.000000
0.000000
0.000000
0.000000
0.409955
0.000000
0.000000
0.000000
0.000000
0.000000
0.195598
0.000000
0.000000
0.000000
0.000000
0.000000
0.000000
0.000000
0.000000
0.185647
0.000000
0.000000
0.000000
0.649763
0.000000
0.000000
0.000000
0.000000
0.279838
0.120074
