alpha-DCG@10
0.541469
0.000000
0.324882
0.000000
0.000000
0.000000
0.000000
0.324882
0.000000
0.185761
0.000000
0.000000
0.144656
0.000000
0.038575
0.379028
0.195598
0.000000
0.000000
0.000000
0.000000
0.000000
0.000000
0.000000
0.000000
0.203693
0.000000
0.279838
0.000000
0.000000
0.000000
0.000000
0.000000
0.000000
0.000000
0.279838
0.000000
0.000000
0.409955
0.000000
0.000000
0.000000
0.000000
0.000000
0.000000
0.000000
0.000000
0.000000
0.201090
0.000000
0.000000
0.000000
0.000000
0.000000
0.000000
0.000000
0.000000
0.000000
0.712284
0.000000
0.000000
0.000000
0.000000
0.000000
0.000000
0.000000
0.000000
0.000000
0.000000
0.000000
0.000000
0.000000
0.000000
0.000000
0.000000
0.000000
0.000000
0.000000
0.000000
0.000000
0.093912
0.279838
0.000000
0.000000
0.000000
0.000000
0.000000
0.000000
0.000000
0.000000
0.000000
0.000000
0.000000
0.000000
0.000000
0.000000
0.000000
0.000000
0.000000
0.000000
0.045953
alpha-DCG@10
0.541469
0.000000
0.324882
0.000000
0.000000
0.000000
0.000000
0.324882
0.000000
0.185761
0.000000
0.000000
0.144656
0.000000
0.038575
0.379028
0.231450
0.000000
0.000000
0.000000
0.216588
0.000000
0.000000
0.000000
0.000000
0.203693
0.000000
0.216588
0.000000
0.000000
0.000000
0.000000
0.000000
0.000000
0.000000
0.279838
0.000000
0.000000
0.409955
0.000000
0.000000
0.000000
0.000000
0.000000
0.000000
0.000000
0.000000
0.649763
0.201090
0.000000
0.000000
0.000000
0.000000
0.000000
0.000000
0.000000
0.000000
0.000000
0.712284
0.000000
0.000000
0.000000
0.000000
0.000000
0.000000
0.000000
0.000000
0.000000
0.000000
0.000000
0.000000
0.000000
0.000000
0.000000
0.000000
0.000000
0.000000
0.000000
0.000000
0.000000
0.093912
0.279838
0.000000
0.000000
0.000000
0.000000
0.000000
0.000000
0.000000
0.000000
0.000000
0.000000
0.000000
0.000000
0.000000
0.000000
0.000000
0.000000
0.000000
0.000000
0.054343
alpha-DCG@10
0.541469
0.000000
0.324882
0.000000
0.000000
0.000000
0.000000
0.324882
0.000000
0.185761
0.000000
0.000000
0.144656
0.000000
0.038575
0.310499
0.231450
0.000000
0.000000
0.000000
0.216588
0.000000
0.000000
0.000000
0.000000
0.203693
0.000000
0.279838
0.000000
0.000000
0.000000
0.000000
0.000000
0.000000
0.000000
0.279838
0.000000
0.000000
0.409955
0.000000
0.000000
0.000000
0.000000
0.000000
0.000000
0.000000
0.000000
0.649763
0.223870
0.000000
0.000000
0.000000
0.000000
0.000000
0.000000
0.000000
0.000000
0.000000
0.712284
0.000000
0.000000
0.000000
0.000000
0.000000
0.000000
0.000000
0.000000
0.000000
0.000000
0.000000
0.000000
0.000000
0.000000
0.000000
0.000000
0.000000
0.000000
0.000000
0.000000
0.000000
0.093912
0.279838
0.000000
0.000000
0.000000
0.000000
0.000000
0.000000
0.000000
0.000000
0.000000
0.000000
0.000000
0.129953
0.000000
0.000000
0.000000
0.000000
0.000000
0.000000
0.055817
alpha-DCG@10
0.541469
0.000000
0.324882
0.000000
0.000000
0.000000
0.000000
0.324882
0.000000
0.185761
0.000000
0.000000
0.144656
0.000000
0.038575
0.379028
0.231450
0.000000
0.000000
0.000000
0.000000
0.000000
0.000000
0.000000
0.000000
0.203693
0.000000
0.279838
0.000000
0.000000
0.000000
0.000000
0.000000
0.000000
0.000000
0.279838
0.000000
0.000000
0.409955
0.000000
0.000000
0.000000
0.000000
0.000000
0.000000
0.000000
0.000000
0.649763
0.201090
0.000000
0.000000
0.000000
0.000000
0.000000
0.000000
0.000000
0.000000
0.000000
0.712284
0.000000
0.000000
0.000000
0.000000
0.000000
0.000000
0.000000
0.000000
0.000000
0.000000
0.000000
0.000000
0.000000
0.167575
0.000000
0.000000
0.000000
0.000000
0.000000
0.000000
0.000000
0.093912
0.279838
0.000000
0.000000
0.000000
0.000000
0.000000
0.000000
0.000000
0.000000
0.000000
0.000000
0.000000
0.000000
0.000000
0.000000
0.000000
0.000000
0.000000
0.000000
0.054485
alpha-DCG@10
0.541469
0.000000
0.324882
0.000000
0.000000
0.000000
0.000000
0.324882
0.000000
0.185761
0.000000
0.000000
0.144656
0.000000
0.038575
0.216588
0.195598
0.000000
0.000000
0.000000
0.000000
0.000000
0.000000
0.000000
0.000000
0.203693
0.000000
0.000000
0.000000
0.000000
0.000000
0.000000
0.000000
0.000000
0.000000
0.279838
0.000000
0.000000
0.409955
0.000000
0.000000
0.000000
0.000000
0.000000
0.000000
0.000000
0.000000
0.649763
0.163982
0.000000
0.000000
0.000000
0.000000
0.000000
0.000000
0.000000
0.000000
0.000000
0.712284
0.000000
0.000000
0.000000
0.000000
0.000000
0.000000
0.000000
0.000000
0.000000
0.000000
0.000000
0.000000
0.000000
0.167575
0.000000
0.000000
0.000000
0.000000
0.000000
0.000000
0.000000
0.093912
0.279838
0.000000
0.000000
0.000000
0.000000
0.000000
0.000000
0.000000
0.000000
0.000000
0.000000
0.000000
0.000000
0.000000
0.000000
0.000000
0.000000
0.000000
0.000000
0.049332
alpha-DCG@10
0.541469
0.000000
0.324882
0.000000
0.000000
0.000000
0.000000
0.324882
0.000000
0.000000
0.000000
0.000000
0.144656
0.000000
0.038575
0.379028
0.195598
0.000000
0.000000
0.000000
0.000000
0.000000
0.000000
0.000000
0.000000
0.203693
0.000000
0.324882
0.000000
0.000000
0.000000
0.000000
0.000000
0.000000
0.000000
0.279838
0.000000
0.000000
0.409955
0.000000
0.000000
0.000000
0.000000
0.000000
0.000000
0.000000
0.000000
0.409955
0.163982
0.000000
0.000000
0.000000
0.000000
0.000000
0.000000
0.000000
0.000000
0.000000
0.712284
0.000000
0.000000
0.000000
0.000000
0.000000
0.000000
0.000000
0.000000
0.000000
0.000000
0.000000
0.000000
0.000000
0.000000
0.000000
0.000000
0.000000
0.000000
0.000000
0.000000
0.000000
0.093912
0.279838
0.000000
0.000000
0.000000
0.000000
0.000000
0.000000
0.000000
0.000000
0.000000
0.000000
0.000000
0.000000
0.000000
0.000000
0.000000
0.000000
0.000000
0.000000
0.048274
alpha-DCG@10
0.541469
0.000000
0.324882
0.000000
0.000000
0.000000
0.000000
0.324882
0.000000
0.185761
0.000000
0.000000
0.144656
0.000000
0.038575
0.310499
0.251363
0.000000
0.000000
0.000000
0.216588
0.000000
0.000000
0.000000
0.000000
0.203693
0.000000
0.195598
0.000000
0.000000
0.000000
0.000000
0.000000
0.000000
0.000000
0.279838
0.000000
0.000000
0.409955
0.000000
0.000000
0.000000
0.000000
0.000000
0.000000
0.000000
0.000000
0.409955
0.327964
0.000000
0.000000
0.000000
0.000000
0.000000
0.000000
0.000000
0.000000
0.000000
0.712284
0.000000
0.000000
0.000000
0.000000
0.000000
0.000000
0.000000
0.000000
0.000000
0.000000
0.000000
0.000000
0.000000
0.000000
0.000000
0.000000
0.000000
0.000000
0.000000
0.000000
0.000000
0.093912
0.195598
0.000000
0.000000
0.000000
0.000000
0.000000
0.000000
0.000000
0.000000
0.000000
0.000000
0.000000
0.037565
0.000000
0.000000
0.000000
0.000000
0.000000
0.000000
0.052050
