stemmer qid ndcg n collectionSize maxLength
paiceHusk 251 0.000000 16 3271430 148
paiceHusk 252 0.000000 16 3271430 148
paiceHusk 253 0.000000 16 3271430 148
paiceHusk 254 0.000000 16 3271430 148
paiceHusk 255 0.000000 16 3271430 148
paiceHusk 256 0.000000 16 3271430 148
paiceHusk 257 0.000000 16 3271430 148
paiceHusk 258 0.000000 16 3271430 148
paiceHusk 259 0.712284 16 3271430 148
paiceHusk 260 0.000000 16 3271430 148
paiceHusk 261 0.000000 16 3271430 148
paiceHusk 262 0.000000 16 3271430 148
paiceHusk 263 0.000000 16 3271430 148
paiceHusk 264 0.000000 16 3271430 148
paiceHusk 265 0.000000 16 3271430 148
paiceHusk 266 0.000000 16 3271430 148
paiceHusk 267 0.000000 16 3271430 148
paiceHusk 268 0.000000 16 3271430 148
paiceHusk 269 0.000000 16 3271430 148
paiceHusk 270 0.063502 16 3271430 148
paiceHusk 271 0.000000 16 3271430 148
paiceHusk 272 0.000000 16 3271430 148
paiceHusk 273 0.000000 16 3271430 148
paiceHusk 274 0.000000 16 3271430 148
paiceHusk 275 0.000000 16 3271430 148
paiceHusk 276 0.000000 16 3271430 148
paiceHusk 277 0.000000 16 3271430 148
paiceHusk 278 0.000000 16 3271430 148
paiceHusk 279 0.000000 16 3271430 148
paiceHusk 280 0.000000 16 3271430 148
paiceHusk 281 0.000000 16 3271430 148
paiceHusk 282 0.216588 16 3271430 148
paiceHusk 283 0.000000 16 3271430 148
paiceHusk 284 0.000000 16 3271430 148
paiceHusk 285 0.000000 16 3271430 148
paiceHusk 286 0.000000 16 3271430 148
paiceHusk 287 0.000000 16 3271430 148
paiceHusk 288 0.000000 16 3271430 148
paiceHusk 289 0.000000 16 3271430 148
paiceHusk 290 0.000000 16 3271430 148
paiceHusk 291 0.204813 16 3271430 148
paiceHusk 292 0.000000 16 3271430 148
paiceHusk 293 0.000000 16 3271430 148
paiceHusk 294 0.000000 16 3271430 148
paiceHusk 295 0.649763 16 3271430 148
paiceHusk 296 0.000000 16 3271430 148
paiceHusk 297 0.000000 16 3271430 148
paiceHusk 298 0.000000 16 3271430 148
paiceHusk 299 0.000000 16 3271430 148
paiceHusk 300 0.195598 16 3271430 148
paiceHusk amean 0.040851 16 3271430 148
krovetz 251 0.000000 16 3271430 148
krovetz 252 0.000000 16 3271430 148
krovetz 253 0.000000 16 3271430 148
krovetz 254 0.000000 16 3271430 148
krovetz 255 0.000000 16 3271430 148
krovetz 256 0.000000 16 3271430 148
krovetz 257 0.000000 16 3271430 148
krovetz 258 0.000000 16 3271430 148
krovetz 259 0.712284 16 3271430 148
krovetz 260 0.000000 16 3271430 148
krovetz 261 0.000000 16 3271430 148
krovetz 262 0.000000 16 3271430 148
krovetz 263 0.000000 16 3271430 148
krovetz 264 0.000000 16 3271430 148
krovetz 265 0.000000 16 3271430 148
krovetz 266 0.000000 16 3271430 148
krovetz 267 0.000000 16 3271430 148
krovetz 268 0.000000 16 3271430 148
krovetz 269 0.000000 16 3271430 148
krovetz 270 0.063502 16 3271430 148
krovetz 271 0.000000 16 3271430 148
krovetz 272 0.000000 16 3271430 148
krovetz 273 0.000000 16 3271430 148
krovetz 274 0.000000 16 3271430 148
krovetz 275 0.000000 16 3271430 148
krovetz 276 0.000000 16 3271430 148
krovetz 277 0.000000 16 3271430 148
krovetz 278 0.000000 16 3271430 148
krovetz 279 0.000000 16 3271430 148
krovetz 280 0.000000 16 3271430 148
krovetz 281 0.000000 16 3271430 148
krovetz 282 0.231450 16 3271430 148
krovetz 283 0.000000 16 3271430 148
krovetz 284 0.000000 16 3271430 148
krovetz 285 0.000000 16 3271430 148
krovetz 286 0.000000 16 3271430 148
krovetz 287 0.000000 16 3271430 148
krovetz 288 0.000000 16 3271430 148
krovetz 289 0.000000 16 3271430 148
krovetz 290 0.000000 16 3271430 148
krovetz 291 0.204813 16 3271430 148
krovetz 292 0.000000 16 3271430 148
krovetz 293 0.000000 16 3271430 148
krovetz 294 0.000000 16 3271430 148
krovetz 295 0.649763 16 3271430 148
krovetz 296 0.000000 16 3271430 148
krovetz 297 0.000000 16 3271430 148
krovetz 298 0.000000 16 3271430 148
krovetz 299 0.000000 16 3271430 148
krovetz 300 0.195598 16 3271430 148
krovetz amean 0.041148 16 3271430 148
sStripping 251 0.000000 16 3271430 148
sStripping 252 0.000000 16 3271430 148
sStripping 253 0.000000 16 3271430 148
sStripping 254 0.000000 16 3271430 148
sStripping 255 0.000000 16 3271430 148
sStripping 256 0.000000 16 3271430 148
sStripping 257 0.000000 16 3271430 148
sStripping 258 0.000000 16 3271430 148
sStripping 259 0.712284 16 3271430 148
sStripping 260 0.000000 16 3271430 148
sStripping 261 0.000000 16 3271430 148
sStripping 262 0.000000 16 3271430 148
sStripping 263 0.000000 16 3271430 148
sStripping 264 0.000000 16 3271430 148
sStripping 265 0.000000 16 3271430 148
sStripping 266 0.000000 16 3271430 148
sStripping 267 0.000000 16 3271430 148
sStripping 268 0.000000 16 3271430 148
sStripping 269 0.000000 16 3271430 148
sStripping 270 0.063502 16 3271430 148
sStripping 271 0.000000 16 3271430 148
sStripping 272 0.000000 16 3271430 148
sStripping 273 0.000000 16 3271430 148
sStripping 274 0.000000 16 3271430 148
sStripping 275 0.000000 16 3271430 148
sStripping 276 0.324882 16 3271430 148
sStripping 277 0.000000 16 3271430 148
sStripping 278 0.000000 16 3271430 148
sStripping 279 0.000000 16 3271430 148
sStripping 280 0.000000 16 3271430 148
sStripping 281 0.000000 16 3271430 148
sStripping 282 0.216588 16 3271430 148
sStripping 283 0.000000 16 3271430 148
sStripping 284 0.000000 16 3271430 148
sStripping 285 0.000000 16 3271430 148
sStripping 286 0.000000 16 3271430 148
sStripping 287 0.000000 16 3271430 148
sStripping 288 0.000000 16 3271430 148
sStripping 289 0.000000 16 3271430 148
sStripping 290 0.000000 16 3271430 148
sStripping 291 0.204813 16 3271430 148
sStripping 292 0.000000 16 3271430 148
sStripping 293 0.000000 16 3271430 148
sStripping 294 0.057290 16 3271430 148
sStripping 295 0.649763 16 3271430 148
sStripping 296 0.000000 16 3271430 148
sStripping 297 0.000000 16 3271430 148
sStripping 298 0.000000 16 3271430 148
sStripping 299 0.000000 16 3271430 148
sStripping 300 0.216588 16 3271430 148
sStripping amean 0.048914 16 3271430 148
porter2 251 0.000000 16 3271430 148
porter2 252 0.000000 16 3271430 148
porter2 253 0.000000 16 3271430 148
porter2 254 0.000000 16 3271430 148
porter2 255 0.000000 16 3271430 148
porter2 256 0.000000 16 3271430 148
porter2 257 0.000000 16 3271430 148
porter2 258 0.000000 16 3271430 148
porter2 259 0.712284 16 3271430 148
porter2 260 0.000000 16 3271430 148
porter2 261 0.000000 16 3271430 148
porter2 262 0.000000 16 3271430 148
porter2 263 0.000000 16 3271430 148
porter2 264 0.000000 16 3271430 148
porter2 265 0.000000 16 3271430 148
porter2 266 0.000000 16 3271430 148
porter2 267 0.000000 16 3271430 148
porter2 268 0.000000 16 3271430 148
porter2 269 0.000000 16 3271430 148
porter2 270 0.063502 16 3271430 148
porter2 271 0.000000 16 3271430 148
porter2 272 0.000000 16 3271430 148
porter2 273 0.436565 16 3271430 148
porter2 274 0.000000 16 3271430 148
porter2 275 0.000000 16 3271430 148
porter2 276 0.216588 16 3271430 148
porter2 277 0.000000 16 3271430 148
porter2 278 0.000000 16 3271430 148
porter2 279 0.000000 16 3271430 148
porter2 280 0.000000 16 3271430 148
porter2 281 0.000000 16 3271430 148
porter2 282 0.216588 16 3271430 148
porter2 283 0.000000 16 3271430 148
porter2 284 0.000000 16 3271430 148
porter2 285 0.000000 16 3271430 148
porter2 286 0.000000 16 3271430 148
porter2 287 0.000000 16 3271430 148
porter2 288 0.000000 16 3271430 148
porter2 289 0.000000 16 3271430 148
porter2 290 0.000000 16 3271430 148
porter2 291 0.204813 16 3271430 148
porter2 292 0.000000 16 3271430 148
porter2 293 0.000000 16 3271430 148
porter2 294 0.000000 16 3271430 148
porter2 295 0.649763 16 3271430 148
porter2 296 0.000000 16 3271430 148
porter2 297 0.000000 16 3271430 148
porter2 298 0.000000 16 3271430 148
porter2 299 0.000000 16 3271430 148
porter2 300 0.195598 16 3271430 148
porter2 amean 0.053914 16 3271430 148
lovins 251 0.000000 16 3271430 148
lovins 252 0.000000 16 3271430 148
lovins 253 0.000000 16 3271430 148
lovins 254 0.000000 16 3271430 148
lovins 255 0.000000 16 3271430 148
lovins 256 0.000000 16 3271430 148
lovins 257 0.000000 16 3271430 148
lovins 258 0.000000 16 3271430 148
lovins 259 0.712284 16 3271430 148
lovins 260 0.000000 16 3271430 148
lovins 261 0.000000 16 3271430 148
lovins 262 0.000000 16 3271430 148
lovins 263 0.000000 16 3271430 148
lovins 264 0.000000 16 3271430 148
lovins 265 0.000000 16 3271430 148
lovins 266 0.000000 16 3271430 148
lovins 267 0.000000 16 3271430 148
lovins 268 0.000000 16 3271430 148
lovins 269 0.000000 16 3271430 148
lovins 270 0.063502 16 3271430 148
lovins 271 0.000000 16 3271430 148
lovins 272 0.000000 16 3271430 148
lovins 273 0.436565 16 3271430 148
lovins 274 0.000000 16 3271430 148
lovins 275 0.000000 16 3271430 148
lovins 276 0.231450 16 3271430 148
lovins 277 0.000000 16 3271430 148
lovins 278 0.000000 16 3271430 148
lovins 279 0.000000 16 3271430 148
lovins 280 0.000000 16 3271430 148
lovins 281 0.000000 16 3271430 148
lovins 282 0.279838 16 3271430 148
lovins 283 0.000000 16 3271430 148
lovins 284 0.000000 16 3271430 148
lovins 285 0.000000 16 3271430 148
lovins 286 0.000000 16 3271430 148
lovins 287 0.000000 16 3271430 148
lovins 288 0.000000 16 3271430 148
lovins 289 0.000000 16 3271430 148
lovins 290 0.000000 16 3271430 148
lovins 291 0.204813 16 3271430 148
lovins 292 0.000000 16 3271430 148
lovins 293 0.000000 16 3271430 148
lovins 294 0.000000 16 3271430 148
lovins 295 0.649763 16 3271430 148
lovins 296 0.000000 16 3271430 148
lovins 297 0.000000 16 3271430 148
lovins 298 0.000000 16 3271430 148
lovins 299 0.000000 16 3271430 148
lovins 300 0.187824 16 3271430 148
lovins amean 0.055321 16 3271430 148
wikt 251 0.000000 16 3271430 148
wikt 252 0.000000 16 3271430 148
wikt 253 0.000000 16 3271430 148
wikt 254 0.000000 16 3271430 148
wikt 255 0.000000 16 3271430 148
wikt 256 0.000000 16 3271430 148
wikt 257 0.000000 16 3271430 148
wikt 258 0.000000 16 3271430 148
wikt 259 0.712284 16 3271430 148
wikt 260 0.000000 16 3271430 148
wikt 261 0.000000 16 3271430 148
wikt 262 0.000000 16 3271430 148
wikt 263 0.000000 16 3271430 148
wikt 264 0.000000 16 3271430 148
wikt 265 0.000000 16 3271430 148
wikt 266 0.000000 16 3271430 148
wikt 267 0.000000 16 3271430 148
wikt 268 0.000000 16 3271430 148
wikt 269 0.000000 16 3271430 148
wikt 270 0.063502 16 3271430 148
wikt 271 0.000000 16 3271430 148
wikt 272 0.000000 16 3271430 148
wikt 273 0.000000 16 3271430 148
wikt 274 0.000000 16 3271430 148
wikt 275 0.000000 16 3271430 148
wikt 276 0.000000 16 3271430 148
wikt 277 0.000000 16 3271430 148
wikt 278 0.000000 16 3271430 148
wikt 279 0.000000 16 3271430 148
wikt 280 0.000000 16 3271430 148
wikt 281 0.000000 16 3271430 148
wikt 282 0.216588 16 3271430 148
wikt 283 0.000000 16 3271430 148
wikt 284 0.000000 16 3271430 148
wikt 285 0.000000 16 3271430 148
wikt 286 0.000000 16 3271430 148
wikt 287 0.000000 16 3271430 148
wikt 288 0.000000 16 3271430 148
wikt 289 0.000000 16 3271430 148
wikt 290 0.000000 16 3271430 148
wikt 291 0.204813 16 3271430 148
wikt 292 0.000000 16 3271430 148
wikt 293 0.000000 16 3271430 148
wikt 294 0.000000 16 3271430 148
wikt 295 0.649763 16 3271430 148
wikt 296 0.000000 16 3271430 148
wikt 297 0.000000 16 3271430 148
wikt 298 0.000000 16 3271430 148
wikt 299 0.000000 16 3271430 148
wikt 300 0.216588 16 3271430 148
wikt amean 0.041271 16 3271430 148
none 251 0.000000 16 3271430 148
none 252 0.000000 16 3271430 148
none 253 0.000000 16 3271430 148
none 254 0.000000 16 3271430 148
none 255 0.000000 16 3271430 148
none 256 0.000000 16 3271430 148
none 257 0.000000 16 3271430 148
none 258 0.000000 16 3271430 148
none 259 0.712284 16 3271430 148
none 260 0.000000 16 3271430 148
none 261 0.000000 16 3271430 148
none 262 0.000000 16 3271430 148
none 263 0.000000 16 3271430 148
none 264 0.000000 16 3271430 148
none 265 0.000000 16 3271430 148
none 266 0.000000 16 3271430 148
none 267 0.000000 16 3271430 148
none 268 0.000000 16 3271430 148
none 269 0.000000 16 3271430 148
none 270 0.063502 16 3271430 148
none 271 0.000000 16 3271430 148
none 272 0.000000 16 3271430 148
none 273 0.000000 16 3271430 148
none 274 0.000000 16 3271430 148
none 275 0.000000 16 3271430 148
none 276 0.324882 16 3271430 148
none 277 0.000000 16 3271430 148
none 278 0.000000 16 3271430 148
none 279 0.000000 16 3271430 148
none 280 0.000000 16 3271430 148
none 281 0.000000 16 3271430 148
none 282 0.195598 16 3271430 148
none 283 0.000000 16 3271430 148
none 284 0.000000 16 3271430 148
none 285 0.000000 16 3271430 148
none 286 0.000000 16 3271430 148
none 287 0.000000 16 3271430 148
none 288 0.000000 16 3271430 148
none 289 0.000000 16 3271430 148
none 290 0.000000 16 3271430 148
none 291 0.204813 16 3271430 148
none 292 0.000000 16 3271430 148
none 293 0.000000 16 3271430 148
none 294 0.000000 16 3271430 148
none 295 0.649763 16 3271430 148
none 296 0.000000 16 3271430 148
none 297 0.000000 16 3271430 148
none 298 0.000000 16 3271430 148
none 299 0.000000 16 3271430 148
none 300 0.251363 16 3271430 148
none amean 0.048044 16 3271430 148
