alpha-DCG@10
0.441410
0.102489
0.655182
0.970586
0.000000
0.417870
0.436011
0.499739
0.211944
0.211794
0.993419
0.000000
0.369819
0.978097
0.068326
0.571864
0.965919
0.204977
0.000000
0.100545
0.204977
0.720068
0.984834
0.187824
0.284174
0.177116
0.917581
0.216588
0.979119
0.854740
0.635236
0.970941
0.000000
0.279838
0.125681
0.914929
0.187444
0.000000
0.511756
0.195598
0.972150
0.341519
0.687704
0.434678
0.129953
0.000000
0.000000
0.000000
0.199075
0.195598
0.231450
0.946249
0.349739
0.229092
0.000000
0.000000
0.473283
0.324882
0.801319
0.000000
0.000000
0.518947
0.649763
0.418793
0.055968
0.856785
0.000000
0.204977
0.000000
0.278643
0.649763
0.000000
0.000000
0.064976
0.064976
0.216588
0.000000
0.000000
0.108294
0.826689
0.212891
0.843829
0.917581
0.924700
0.610253
0.000000
0.000000
0.295477
0.000000
0.370449
0.000000
0.758057
0.649763
0.000000
0.946512
0.752252
0.188522
0.000000
0.251617
0.000000
0.365022
alpha-DCG@10
0.441410
0.102489
0.000000
0.970586
0.642355
0.404899
0.431233
0.499739
0.324882
0.211794
0.993419
0.000000
0.387916
0.976630
0.054147
0.571245
0.544614
0.204977
0.000000
0.100545
0.418332
0.723226
0.984834
0.279838
0.284174
0.185412
0.943203
0.000000
0.979119
0.901696
0.907785
0.970941
0.000000
0.324882
0.139919
0.917512
0.187444
0.000000
0.511756
0.409955
0.964892
0.341519
0.687704
0.429700
0.129953
0.000000
0.000000
0.000000
0.199075
0.216588
0.195598
0.970586
0.349739
0.229092
0.000000
0.924700
0.625717
0.324882
0.827547
0.324882
0.000000
0.456763
0.758057
0.649763
0.055968
0.856785
0.000000
0.000000
0.000000
0.278643
0.000000
0.000000
0.000000
0.081991
0.064976
0.765488
0.000000
0.000000
0.108294
0.826689
0.215806
0.843829
0.917581
0.924700
0.610253
0.000000
0.000000
0.314432
0.000000
0.370449
0.000000
0.758057
0.279838
0.000000
0.970941
0.758057
0.188522
0.000000
0.251617
0.000000
0.379826
alpha-DCG@10
0.443564
0.102489
0.612714
0.967859
0.508869
0.400607
0.374827
0.499739
0.324882
0.211794
0.992175
0.000000
0.390124
0.982024
0.054147
0.593043
0.544614
0.204977
0.000000
0.092580
0.434379
0.725223
0.984834
0.204977
0.284174
0.176982
0.944655
0.204977
0.980410
0.901696
0.909237
0.967381
0.000000
0.279838
0.139919
0.917512
0.187444
0.000000
0.516301
0.279838
0.905641
0.341519
0.670812
0.429700
0.129953
0.000000
0.000000
0.000000
0.199075
0.231450
0.000000
0.970586
0.327207
0.229092
0.000000
0.854740
0.505813
0.324882
0.802529
0.375926
0.000000
0.000000
0.758057
0.649763
0.055968
0.856785
0.000000
0.216588
0.000000
0.278643
0.000000
0.000000
0.000000
0.129953
0.064976
0.758057
0.000000
0.000000
0.222059
0.854740
0.215806
0.843829
0.924700
0.960411
0.609605
0.000000
0.000000
0.296415
0.000000
0.370449
0.000000
0.649763
0.000000
0.000000
0.946512
0.359656
0.188522
0.000000
0.251617
0.000000
0.371026
alpha-DCG@10
0.441410
0.102489
0.655182
0.970586
0.642355
0.393736
0.374827
0.499739
0.324882
0.216748
0.992175
0.000000
0.369819
0.976630
0.068326
0.571245
0.652013
0.204977
0.000000
0.100545
0.439465
0.720068
0.984834
0.324882
0.284174
0.174123
0.942031
0.204977
0.979119
0.908887
0.909237
0.970941
0.000000
0.324882
0.139919
0.917512
0.187444
0.000000
0.537178
0.409955
0.964892
0.341519
0.670812
0.429700
0.129953
0.000000
0.000000
0.000000
0.199075
0.216588
0.231450
0.970586
0.349739
0.310512
0.000000
0.924700
0.625717
0.324882
0.827547
0.375926
0.000000
0.456763
0.752252
0.649763
0.055968
0.856785
0.000000
0.000000
0.000000
0.278643
0.000000
0.000000
0.678121
0.081991
0.064976
0.775444
0.000000
0.000000
0.209194
0.775444
0.215806
0.843829
0.917581
0.924700
0.610253
0.000000
0.000000
0.295477
0.000000
0.370449
0.000000
0.758057
0.649763
0.000000
0.970941
0.758057
0.188522
0.607736
0.209080
0.000000
0.407665
alpha-DCG@10
0.383064
0.102489
0.551119
0.000000
0.642355
0.380052
0.295845
0.499739
0.324882
0.211794
0.992175
0.000000
0.373378
0.976630
0.046640
0.592395
0.683091
0.204977
0.000000
0.092580
0.439465
0.727457
0.984834
0.324882
0.284174
0.185226
0.939676
0.000000
0.979119
0.908887
0.907785
0.970941
0.000000
0.302776
0.139919
0.894265
0.187444
0.000000
0.511756
0.251363
0.964892
0.341519
0.670812
0.429700
0.148735
0.000000
0.000000
0.000000
0.136331
0.204977
0.000000
0.952488
0.349739
0.310512
0.000000
0.854740
0.625717
0.324882
0.725055
0.375926
0.000000
0.494754
0.743675
0.649763
0.000000
0.853069
0.000000
0.000000
0.000000
0.278643
0.649763
0.000000
0.678121
0.064976
0.000000
0.847544
0.000000
0.000000
0.262027
0.775444
0.212891
0.843829
0.917581
0.924700
0.610253
0.000000
0.000000
0.296415
0.000000
0.370449
0.464116
0.747562
0.649763
0.000000
0.970941
0.450563
0.188522
0.195598
0.251617
0.000000
0.391018
alpha-DCG@10
0.441410
0.102489
0.683025
0.970586
0.426229
0.417870
0.431233
0.499739
0.187963
0.000000
0.572636
0.000000
0.387916
0.976630
0.054147
0.571864
0.682262
0.204977
0.000000
0.100545
0.439465
0.720068
0.984834
0.000000
0.282515
0.185412
0.933337
0.000000
0.979119
0.901696
0.902118
0.970941
0.000000
0.195598
0.125681
0.917512
0.055968
0.000000
0.511756
0.000000
0.964892
0.341519
0.670812
0.429700
0.129953
0.000000
0.000000
0.000000
0.136233
0.204977
0.231450
0.970586
0.349739
0.229092
0.000000
0.875044
0.625717
0.324882
0.826510
0.283538
0.000000
0.456763
0.649763
0.752252
0.055968
0.856785
0.000000
0.000000
0.000000
0.278643
0.649763
0.000000
0.000000
0.081991
0.000000
0.422681
0.000000
0.000000
0.262027
0.826689
0.215806
0.843829
0.917581
0.924700
0.609605
0.000000
0.000000
0.296415
0.000000
0.370449
0.464116
0.758057
0.649763
0.000000
0.953631
0.758057
0.188522
0.000000
0.209080
0.000000
0.378651
alpha-DCG@10
0.441410
0.102489
0.894516
0.967859
0.409955
0.423260
0.295845
0.499739
0.375926
0.211794
0.992175
0.050273
0.393547
0.940282
0.046640
0.593043
0.554179
0.140868
0.000000
0.259905
0.380895
0.725223
0.982986
0.204977
0.284174
0.174123
0.938225
0.000000
0.980410
0.854740
0.909237
0.967381
0.000000
0.507754
0.125681
0.965370
0.055968
0.000000
0.516301
0.324882
0.972150
0.343125
0.592261
0.429700
0.149512
0.000000
0.000000
0.251363
0.198974
0.231450
0.000000
0.970586
0.327207
0.229092
0.000000
0.789682
0.505813
0.324882
0.802529
0.375926
0.000000
0.000000
0.758057
0.649763
0.000000
0.876001
0.000000
0.216588
0.000000
0.278643
0.000000
0.000000
0.000000
0.129953
0.064976
0.758057
0.000000
0.000000
0.222059
0.765488
0.142457
0.812204
0.924700
0.931678
0.471750
0.000000
0.000000
0.296415
0.000000
0.370449
0.000000
0.649763
0.000000
0.155253
0.946512
0.388132
0.188522
0.000000
0.251617
0.000000
0.372353
