stemmer qid ndcg n collectionSize maxLength
paiceHusk 201 0.270735 8 6542860 403
paiceHusk 202 0.000000 8 6542860 403
paiceHusk 203 0.000000 8 6542860 403
paiceHusk 204 0.527641 8 6542860 403
paiceHusk 205 0.000000 8 6542860 403
paiceHusk 206 0.046412 8 6542860 403
paiceHusk 207 0.128920 8 6542860 403
paiceHusk 208 0.442582 8 6542860 403
paiceHusk 209 0.161027 8 6542860 403
paiceHusk 210 0.274778 8 6542860 403
paiceHusk 211 0.758057 8 6542860 403
paiceHusk 212 0.112190 8 6542860 403
paiceHusk 213 0.577944 8 6542860 403
paiceHusk 214 0.409955 8 6542860 403
paiceHusk 215 0.168534 8 6542860 403
paiceHusk 216 0.415436 8 6542860 403
paiceHusk 217 0.635236 8 6542860 403
paiceHusk 218 0.251363 8 6542860 403
paiceHusk 219 0.279838 8 6542860 403
paiceHusk 220 0.000000 8 6542860 403
paiceHusk 221 0.204977 8 6542860 403
paiceHusk 222 0.310702 8 6542860 403
paiceHusk 223 0.204977 8 6542860 403
paiceHusk 224 0.000000 8 6542860 403
paiceHusk 225 0.000000 8 6542860 403
paiceHusk 226 0.201045 8 6542860 403
paiceHusk 227 0.518249 8 6542860 403
paiceHusk 228 0.747562 8 6542860 403
paiceHusk 229 0.572396 8 6542860 403
paiceHusk 230 0.000000 8 6542860 403
paiceHusk 231 0.743675 8 6542860 403
paiceHusk 232 0.649763 8 6542860 403
paiceHusk 233 0.000000 8 6542860 403
paiceHusk 234 0.561343 8 6542860 403
paiceHusk 235 0.000000 8 6542860 403
paiceHusk 236 0.187824 8 6542860 403
paiceHusk 237 0.000000 8 6542860 403
paiceHusk 238 0.000000 8 6542860 403
paiceHusk 239 0.854740 8 6542860 403
paiceHusk 240 0.279838 8 6542860 403
paiceHusk 241 0.649763 8 6542860 403
paiceHusk 242 0.361444 8 6542860 403
paiceHusk 243 0.206701 8 6542860 403
paiceHusk 244 0.252471 8 6542860 403
paiceHusk 245 0.000000 8 6542860 403
paiceHusk 246 0.000000 8 6542860 403
paiceHusk 247 0.000000 8 6542860 403
paiceHusk 248 0.000000 8 6542860 403
paiceHusk 249 0.298449 8 6542860 403
paiceHusk 250 0.000000 8 6542860 403
paiceHusk 251 0.000000 8 6542860 403
paiceHusk 252 0.000000 8 6542860 403
paiceHusk 253 0.000000 8 6542860 403
paiceHusk 254 0.000000 8 6542860 403
paiceHusk 255 0.000000 8 6542860 403
paiceHusk 256 0.649763 8 6542860 403
paiceHusk 257 0.000000 8 6542860 403
paiceHusk 258 0.000000 8 6542860 403
paiceHusk 259 0.712284 8 6542860 403
paiceHusk 260 0.000000 8 6542860 403
paiceHusk 261 0.000000 8 6542860 403
paiceHusk 262 0.000000 8 6542860 403
paiceHusk 263 0.000000 8 6542860 403
paiceHusk 264 0.000000 8 6542860 403
paiceHusk 265 0.000000 8 6542860 403
paiceHusk 266 0.187824 8 6542860 403
paiceHusk 267 0.000000 8 6542860 403
paiceHusk 268 0.195598 8 6542860 403
paiceHusk 269 0.000000 8 6542860 403
paiceHusk 270 0.000000 8 6542860 403
paiceHusk 271 0.000000 8 6542860 403
paiceHusk 272 0.000000 8 6542860 403
paiceHusk 273 0.000000 8 6542860 403
paiceHusk 274 0.000000 8 6542860 403
paiceHusk 275 0.000000 8 6542860 403
paiceHusk 276 0.000000 8 6542860 403
paiceHusk 277 0.000000 8 6542860 403
paiceHusk 278 0.000000 8 6542860 403
paiceHusk 279 0.000000 8 6542860 403
paiceHusk 280 0.000000 8 6542860 403
paiceHusk 281 0.000000 8 6542860 403
paiceHusk 282 0.000000 8 6542860 403
paiceHusk 283 0.649763 8 6542860 403
paiceHusk 284 0.854740 8 6542860 403
paiceHusk 285 0.000000 8 6542860 403
paiceHusk 286 0.000000 8 6542860 403
paiceHusk 287 0.000000 8 6542860 403
paiceHusk 288 0.050389 8 6542860 403
paiceHusk 289 0.000000 8 6542860 403
paiceHusk 290 0.000000 8 6542860 403
paiceHusk 291 0.079233 8 6542860 403
paiceHusk 292 0.649763 8 6542860 403
paiceHusk 293 0.251363 8 6542860 403
paiceHusk 294 0.000000 8 6542860 403
paiceHusk 295 0.854740 8 6542860 403
paiceHusk 296 0.000000 8 6542860 403
paiceHusk 297 0.308256 8 6542860 403
paiceHusk 298 0.000000 8 6542860 403
paiceHusk 299 0.131332 8 6542860 403
paiceHusk 300 0.324882 8 6542860 403
paiceHusk amean 0.191665 8 6542860 403
krovetz 201 0.270735 8 6542860 403
krovetz 202 0.000000 8 6542860 403
krovetz 203 0.000000 8 6542860 403
krovetz 204 0.527641 8 6542860 403
krovetz 205 0.000000 8 6542860 403
krovetz 206 0.046412 8 6542860 403
krovetz 207 0.128920 8 6542860 403
krovetz 208 0.442582 8 6542860 403
krovetz 209 0.208125 8 6542860 403
krovetz 210 0.274778 8 6542860 403
krovetz 211 0.758057 8 6542860 403
krovetz 212 0.119889 8 6542860 403
krovetz 213 0.579499 8 6542860 403
krovetz 214 0.418793 8 6542860 403
krovetz 215 0.168534 8 6542860 403
krovetz 216 0.415436 8 6542860 403
krovetz 217 0.527641 8 6542860 403
krovetz 218 0.231450 8 6542860 403
krovetz 219 0.324882 8 6542860 403
krovetz 220 0.000000 8 6542860 403
krovetz 221 0.440607 8 6542860 403
krovetz 222 0.310702 8 6542860 403
krovetz 223 0.195598 8 6542860 403
krovetz 224 0.000000 8 6542860 403
krovetz 225 0.000000 8 6542860 403
krovetz 226 0.197772 8 6542860 403
krovetz 227 0.549874 8 6542860 403
krovetz 228 0.409955 8 6542860 403
krovetz 229 0.572396 8 6542860 403
krovetz 230 0.000000 8 6542860 403
krovetz 231 0.789682 8 6542860 403
krovetz 232 0.649763 8 6542860 403
krovetz 233 0.000000 8 6542860 403
krovetz 234 0.561343 8 6542860 403
krovetz 235 0.000000 8 6542860 403
krovetz 236 0.000000 8 6542860 403
krovetz 237 0.000000 8 6542860 403
krovetz 238 0.000000 8 6542860 403
krovetz 239 0.854740 8 6542860 403
krovetz 240 0.187824 8 6542860 403
krovetz 241 0.649763 8 6542860 403
krovetz 242 0.361444 8 6542860 403
krovetz 243 0.206701 8 6542860 403
krovetz 244 0.252471 8 6542860 403
krovetz 245 0.000000 8 6542860 403
krovetz 246 0.000000 8 6542860 403
krovetz 247 0.000000 8 6542860 403
krovetz 248 0.231450 8 6542860 403
krovetz 249 0.298449 8 6542860 403
krovetz 250 0.000000 8 6542860 403
krovetz 251 0.000000 8 6542860 403
krovetz 252 0.000000 8 6542860 403
krovetz 253 0.000000 8 6542860 403
krovetz 254 0.000000 8 6542860 403
krovetz 255 0.000000 8 6542860 403
krovetz 256 0.649763 8 6542860 403
krovetz 257 0.000000 8 6542860 403
krovetz 258 0.000000 8 6542860 403
krovetz 259 0.712284 8 6542860 403
krovetz 260 0.065163 8 6542860 403
krovetz 261 0.000000 8 6542860 403
krovetz 262 0.000000 8 6542860 403
krovetz 263 0.000000 8 6542860 403
krovetz 264 0.000000 8 6542860 403
krovetz 265 0.000000 8 6542860 403
krovetz 266 0.195598 8 6542860 403
krovetz 267 0.000000 8 6542860 403
krovetz 268 0.000000 8 6542860 403
krovetz 269 0.000000 8 6542860 403
krovetz 270 0.000000 8 6542860 403
krovetz 271 0.000000 8 6542860 403
krovetz 272 0.000000 8 6542860 403
krovetz 273 0.000000 8 6542860 403
krovetz 274 0.000000 8 6542860 403
krovetz 275 0.000000 8 6542860 403
krovetz 276 0.000000 8 6542860 403
krovetz 277 0.000000 8 6542860 403
krovetz 278 0.000000 8 6542860 403
krovetz 279 0.000000 8 6542860 403
krovetz 280 0.000000 8 6542860 403
krovetz 281 0.000000 8 6542860 403
krovetz 282 0.000000 8 6542860 403
krovetz 283 0.649763 8 6542860 403
krovetz 284 0.854740 8 6542860 403
krovetz 285 0.000000 8 6542860 403
krovetz 286 0.000000 8 6542860 403
krovetz 287 0.000000 8 6542860 403
krovetz 288 0.050389 8 6542860 403
krovetz 289 0.000000 8 6542860 403
krovetz 290 0.000000 8 6542860 403
krovetz 291 0.079233 8 6542860 403
krovetz 292 0.649763 8 6542860 403
krovetz 293 0.000000 8 6542860 403
krovetz 294 0.000000 8 6542860 403
krovetz 295 0.854740 8 6542860 403
krovetz 296 0.000000 8 6542860 403
krovetz 297 0.308256 8 6542860 403
krovetz 298 0.000000 8 6542860 403
krovetz 299 0.137971 8 6542860 403
krovetz 300 0.324882 8 6542860 403
krovetz amean 0.186965 8 6542860 403
sStripping 201 0.270735 8 6542860 403
sStripping 202 0.000000 8 6542860 403
sStripping 203 0.000000 8 6542860 403
sStripping 204 0.917581 8 6542860 403
sStripping 205 0.000000 8 6542860 403
sStripping 206 0.046412 8 6542860 403
sStripping 207 0.128920 8 6542860 403
sStripping 208 0.442582 8 6542860 403
sStripping 209 0.208125 8 6542860 403
sStripping 210 0.275665 8 6542860 403
sStripping 211 0.758057 8 6542860 403
sStripping 212 0.119889 8 6542860 403
sStripping 213 0.579499 8 6542860 403
sStripping 214 0.743675 8 6542860 403
sStripping 215 0.168534 8 6542860 403
sStripping 216 0.423894 8 6542860 403
sStripping 217 0.527641 8 6542860 403
sStripping 218 0.231450 8 6542860 403
sStripping 219 0.279838 8 6542860 403
sStripping 220 0.000000 8 6542860 403
sStripping 221 0.433175 8 6542860 403
sStripping 222 0.201121 8 6542860 403
sStripping 223 0.195598 8 6542860 403
sStripping 224 0.000000 8 6542860 403
sStripping 225 0.000000 8 6542860 403
sStripping 226 0.195484 8 6542860 403
sStripping 227 0.549874 8 6542860 403
sStripping 228 0.512444 8 6542860 403
sStripping 229 0.572396 8 6542860 403
sStripping 230 0.000000 8 6542860 403
sStripping 231 0.775444 8 6542860 403
sStripping 232 0.649763 8 6542860 403
sStripping 233 0.000000 8 6542860 403
sStripping 234 0.576924 8 6542860 403
sStripping 235 0.000000 8 6542860 403
sStripping 236 0.187824 8 6542860 403
sStripping 237 0.000000 8 6542860 403
sStripping 238 0.000000 8 6542860 403
sStripping 239 0.812204 8 6542860 403
sStripping 240 0.195598 8 6542860 403
sStripping 241 0.649763 8 6542860 403
sStripping 242 0.361444 8 6542860 403
sStripping 243 0.206701 8 6542860 403
sStripping 244 0.252471 8 6542860 403
sStripping 245 0.000000 8 6542860 403
sStripping 246 0.000000 8 6542860 403
sStripping 247 0.000000 8 6542860 403
sStripping 248 0.251363 8 6542860 403
sStripping 249 0.298449 8 6542860 403
sStripping 250 0.000000 8 6542860 403
sStripping 251 0.000000 8 6542860 403
sStripping 252 0.000000 8 6542860 403
sStripping 253 0.000000 8 6542860 403
sStripping 254 0.000000 8 6542860 403
sStripping 255 0.000000 8 6542860 403
sStripping 256 0.649763 8 6542860 403
sStripping 257 0.000000 8 6542860 403
sStripping 258 0.000000 8 6542860 403
sStripping 259 0.712284 8 6542860 403
sStripping 260 0.065163 8 6542860 403
sStripping 261 0.000000 8 6542860 403
sStripping 262 0.279838 8 6542860 403
sStripping 263 0.000000 8 6542860 403
sStripping 264 0.000000 8 6542860 403
sStripping 265 0.000000 8 6542860 403
sStripping 266 0.195598 8 6542860 403
sStripping 267 0.000000 8 6542860 403
sStripping 268 0.216588 8 6542860 403
sStripping 269 0.000000 8 6542860 403
sStripping 270 0.000000 8 6542860 403
sStripping 271 0.000000 8 6542860 403
sStripping 272 0.000000 8 6542860 403
sStripping 273 0.000000 8 6542860 403
sStripping 274 0.000000 8 6542860 403
sStripping 275 0.000000 8 6542860 403
sStripping 276 0.000000 8 6542860 403
sStripping 277 0.000000 8 6542860 403
sStripping 278 0.000000 8 6542860 403
sStripping 279 0.068976 8 6542860 403
sStripping 280 0.000000 8 6542860 403
sStripping 281 0.000000 8 6542860 403
sStripping 282 0.000000 8 6542860 403
sStripping 283 0.649763 8 6542860 403
sStripping 284 0.854740 8 6542860 403
sStripping 285 0.000000 8 6542860 403
sStripping 286 0.000000 8 6542860 403
sStripping 287 0.000000 8 6542860 403
sStripping 288 0.050389 8 6542860 403
sStripping 289 0.000000 8 6542860 403
sStripping 290 0.000000 8 6542860 403
sStripping 291 0.079233 8 6542860 403
sStripping 292 0.649763 8 6542860 403
sStripping 293 0.000000 8 6542860 403
sStripping 294 0.000000 8 6542860 403
sStripping 295 0.854740 8 6542860 403
sStripping 296 0.000000 8 6542860 403
sStripping 297 0.308256 8 6542860 403
sStripping 298 0.000000 8 6542860 403
sStripping 299 0.137971 8 6542860 403
sStripping 300 0.409955 8 6542860 403
sStripping amean 0.201836 8 6542860 403
porter2 201 0.233198 8 6542860 403
porter2 202 0.000000 8 6542860 403
porter2 203 0.000000 8 6542860 403
porter2 204 0.527641 8 6542860 403
porter2 205 0.000000 8 6542860 403
porter2 206 0.046412 8 6542860 403
porter2 207 0.128920 8 6542860 403
porter2 208 0.442582 8 6542860 403
porter2 209 0.208125 8 6542860 403
porter2 210 0.275665 8 6542860 403
porter2 211 0.758057 8 6542860 403
porter2 212 0.119889 8 6542860 403
porter2 213 0.579499 8 6542860 403
porter2 214 0.507754 8 6542860 403
porter2 215 0.168534 8 6542860 403
porter2 216 0.415436 8 6542860 403
porter2 217 0.527641 8 6542860 403
porter2 218 0.231450 8 6542860 403
porter2 219 0.409955 8 6542860 403
porter2 220 0.000000 8 6542860 403
porter2 221 0.395563 8 6542860 403
porter2 222 0.310702 8 6542860 403
porter2 223 0.195598 8 6542860 403
porter2 224 0.000000 8 6542860 403
porter2 225 0.000000 8 6542860 403
porter2 226 0.197772 8 6542860 403
porter2 227 0.518249 8 6542860 403
porter2 228 0.512444 8 6542860 403
porter2 229 0.572396 8 6542860 403
porter2 230 0.000000 8 6542860 403
porter2 231 0.775444 8 6542860 403
porter2 232 0.649763 8 6542860 403
porter2 233 0.000000 8 6542860 403
porter2 234 0.576924 8 6542860 403
porter2 235 0.000000 8 6542860 403
porter2 236 0.000000 8 6542860 403
porter2 237 0.000000 8 6542860 403
porter2 238 0.000000 8 6542860 403
porter2 239 0.854740 8 6542860 403
porter2 240 0.187824 8 6542860 403
porter2 241 0.649763 8 6542860 403
porter2 242 0.361444 8 6542860 403
porter2 243 0.206701 8 6542860 403
porter2 244 0.252471 8 6542860 403
porter2 245 0.000000 8 6542860 403
porter2 246 0.000000 8 6542860 403
porter2 247 0.000000 8 6542860 403
porter2 248 0.251363 8 6542860 403
porter2 249 0.298449 8 6542860 403
porter2 250 0.000000 8 6542860 403
porter2 251 0.000000 8 6542860 403
porter2 252 0.000000 8 6542860 403
porter2 253 0.000000 8 6542860 403
porter2 254 0.000000 8 6542860 403
porter2 255 0.000000 8 6542860 403
porter2 256 0.765488 8 6542860 403
porter2 257 0.000000 8 6542860 403
porter2 258 0.000000 8 6542860 403
porter2 259 0.712284 8 6542860 403
porter2 260 0.065163 8 6542860 403
porter2 261 0.000000 8 6542860 403
porter2 262 0.000000 8 6542860 403
porter2 263 0.000000 8 6542860 403
porter2 264 0.000000 8 6542860 403
porter2 265 0.000000 8 6542860 403
porter2 266 0.195598 8 6542860 403
porter2 267 0.000000 8 6542860 403
porter2 268 0.000000 8 6542860 403
porter2 269 0.000000 8 6542860 403
porter2 270 0.000000 8 6542860 403
porter2 271 0.000000 8 6542860 403
porter2 272 0.000000 8 6542860 403
porter2 273 0.436565 8 6542860 403
porter2 274 0.000000 8 6542860 403
porter2 275 0.000000 8 6542860 403
porter2 276 0.000000 8 6542860 403
porter2 277 0.000000 8 6542860 403
porter2 278 0.000000 8 6542860 403
porter2 279 0.000000 8 6542860 403
porter2 280 0.000000 8 6542860 403
porter2 281 0.000000 8 6542860 403
porter2 282 0.000000 8 6542860 403
porter2 283 0.649763 8 6542860 403
porter2 284 0.854740 8 6542860 403
porter2 285 0.000000 8 6542860 403
porter2 286 0.000000 8 6542860 403
porter2 287 0.000000 8 6542860 403
porter2 288 0.050389 8 6542860 403
porter2 289 0.000000 8 6542860 403
porter2 290 0.000000 8 6542860 403
porter2 291 0.079233 8 6542860 403
porter2 292 0.649763 8 6542860 403
porter2 293 0.649763 8 6542860 403
porter2 294 0.000000 8 6542860 403
porter2 295 0.854740 8 6542860 403
porter2 296 0.000000 8 6542860 403
porter2 297 0.308256 8 6542860 403
porter2 298 0.000000 8 6542860 403
porter2 299 0.137971 8 6542860 403
porter2 300 0.324882 8 6542860 403
porter2 amean 0.200830 8 6542860 403
lovins 201 0.209469 8 6542860 403
lovins 202 0.000000 8 6542860 403
lovins 203 0.000000 8 6542860 403
lovins 204 0.000000 8 6542860 403
lovins 205 0.000000 8 6542860 403
lovins 206 0.046412 8 6542860 403
lovins 207 0.102167 8 6542860 403
lovins 208 0.442582 8 6542860 403
lovins 209 0.208125 8 6542860 403
lovins 210 0.275665 8 6542860 403
lovins 211 0.758057 8 6542860 403
lovins 212 0.130204 8 6542860 403
lovins 213 0.577944 8 6542860 403
lovins 214 0.418793 8 6542860 403
lovins 215 0.168534 8 6542860 403
lovins 216 0.428325 8 6542860 403
lovins 217 0.612714 8 6542860 403
lovins 218 0.251363 8 6542860 403
lovins 219 0.000000 8 6542860 403
lovins 220 0.000000 8 6542860 403
lovins 221 0.395563 8 6542860 403
lovins 222 0.265742 8 6542860 403
lovins 223 0.204977 8 6542860 403
lovins 224 0.000000 8 6542860 403
lovins 225 0.000000 8 6542860 403
lovins 226 0.195484 8 6542860 403
lovins 227 0.549874 8 6542860 403
lovins 228 0.000000 8 6542860 403
lovins 229 0.572396 8 6542860 403
lovins 230 0.000000 8 6542860 403
lovins 231 0.775444 8 6542860 403
lovins 232 0.649763 8 6542860 403
lovins 233 0.000000 8 6542860 403
lovins 234 0.494754 8 6542860 403
lovins 235 0.000000 8 6542860 403
lovins 236 0.000000 8 6542860 403
lovins 237 0.000000 8 6542860 403
lovins 238 0.000000 8 6542860 403
lovins 239 0.854740 8 6542860 403
lovins 240 0.251363 8 6542860 403
lovins 241 0.649763 8 6542860 403
lovins 242 0.361444 8 6542860 403
lovins 243 0.206701 8 6542860 403
lovins 244 0.281071 8 6542860 403
lovins 245 0.000000 8 6542860 403
lovins 246 0.000000 8 6542860 403
lovins 247 0.000000 8 6542860 403
lovins 248 0.251363 8 6542860 403
lovins 249 0.298616 8 6542860 403
lovins 250 0.000000 8 6542860 403
lovins 251 0.000000 8 6542860 403
lovins 252 0.000000 8 6542860 403
lovins 253 0.000000 8 6542860 403
lovins 254 0.000000 8 6542860 403
lovins 255 0.000000 8 6542860 403
lovins 256 0.747562 8 6542860 403
lovins 257 0.000000 8 6542860 403
lovins 258 0.000000 8 6542860 403
lovins 259 0.712284 8 6542860 403
lovins 260 0.065163 8 6542860 403
lovins 261 0.000000 8 6542860 403
lovins 262 0.000000 8 6542860 403
lovins 263 0.000000 8 6542860 403
lovins 264 0.000000 8 6542860 403
lovins 265 0.000000 8 6542860 403
lovins 266 0.195598 8 6542860 403
lovins 267 0.000000 8 6542860 403
lovins 268 0.000000 8 6542860 403
lovins 269 0.000000 8 6542860 403
lovins 270 0.000000 8 6542860 403
lovins 271 0.000000 8 6542860 403
lovins 272 0.000000 8 6542860 403
lovins 273 0.436565 8 6542860 403
lovins 274 0.000000 8 6542860 403
lovins 275 0.000000 8 6542860 403
lovins 276 0.000000 8 6542860 403
lovins 277 0.000000 8 6542860 403
lovins 278 0.000000 8 6542860 403
lovins 279 0.000000 8 6542860 403
lovins 280 0.000000 8 6542860 403
lovins 281 0.000000 8 6542860 403
lovins 282 0.000000 8 6542860 403
lovins 283 0.649763 8 6542860 403
lovins 284 0.854740 8 6542860 403
lovins 285 0.000000 8 6542860 403
lovins 286 0.000000 8 6542860 403
lovins 287 0.000000 8 6542860 403
lovins 288 0.050389 8 6542860 403
lovins 289 0.000000 8 6542860 403
lovins 290 0.000000 8 6542860 403
lovins 291 0.079233 8 6542860 403
lovins 292 0.649763 8 6542860 403
lovins 293 0.649763 8 6542860 403
lovins 294 0.000000 8 6542860 403
lovins 295 0.854740 8 6542860 403
lovins 296 0.000000 8 6542860 403
lovins 297 0.308256 8 6542860 403
lovins 298 0.000000 8 6542860 403
lovins 299 0.131332 8 6542860 403
lovins 300 0.324882 8 6542860 403
lovins amean 0.185994 8 6542860 403
wikt 201 0.270735 8 6542860 403
wikt 202 0.000000 8 6542860 403
wikt 203 0.000000 8 6542860 403
wikt 204 0.527641 8 6542860 403
wikt 205 0.000000 8 6542860 403
wikt 206 0.039977 8 6542860 403
wikt 207 0.128920 8 6542860 403
wikt 208 0.442582 8 6542860 403
wikt 209 0.161027 8 6542860 403
wikt 210 0.000000 8 6542860 403
wikt 211 0.649763 8 6542860 403
wikt 212 0.119889 8 6542860 403
wikt 213 0.579499 8 6542860 403
wikt 214 0.427370 8 6542860 403
wikt 215 0.168534 8 6542860 403
wikt 216 0.415436 8 6542860 403
wikt 217 0.612714 8 6542860 403
wikt 218 0.251363 8 6542860 403
wikt 219 0.204977 8 6542860 403
wikt 220 0.000000 8 6542860 403
wikt 221 0.395563 8 6542860 403
wikt 222 0.310702 8 6542860 403
wikt 223 0.195598 8 6542860 403
wikt 224 0.000000 8 6542860 403
wikt 225 0.000000 8 6542860 403
wikt 226 0.195484 8 6542860 403
wikt 227 0.518249 8 6542860 403
wikt 228 0.409955 8 6542860 403
wikt 229 0.572396 8 6542860 403
wikt 230 0.000000 8 6542860 403
wikt 231 0.775444 8 6542860 403
wikt 232 0.649763 8 6542860 403
wikt 233 0.000000 8 6542860 403
wikt 234 0.649763 8 6542860 403
wikt 235 0.000000 8 6542860 403
wikt 236 0.000000 8 6542860 403
wikt 237 0.000000 8 6542860 403
wikt 238 0.000000 8 6542860 403
wikt 239 0.854740 8 6542860 403
wikt 240 0.000000 8 6542860 403
wikt 241 0.649763 8 6542860 403
wikt 242 0.361444 8 6542860 403
wikt 243 0.206701 8 6542860 403
wikt 244 0.281071 8 6542860 403
wikt 245 0.000000 8 6542860 403
wikt 246 0.000000 8 6542860 403
wikt 247 0.000000 8 6542860 403
wikt 248 0.279838 8 6542860 403
wikt 249 0.279875 8 6542860 403
wikt 250 0.000000 8 6542860 403
wikt 251 0.000000 8 6542860 403
wikt 252 0.000000 8 6542860 403
wikt 253 0.000000 8 6542860 403
wikt 254 0.000000 8 6542860 403
wikt 255 0.000000 8 6542860 403
wikt 256 0.765488 8 6542860 403
wikt 257 0.000000 8 6542860 403
wikt 258 0.000000 8 6542860 403
wikt 259 0.712284 8 6542860 403
wikt 260 0.000000 8 6542860 403
wikt 261 0.000000 8 6542860 403
wikt 262 0.000000 8 6542860 403
wikt 263 0.000000 8 6542860 403
wikt 264 0.000000 8 6542860 403
wikt 265 0.000000 8 6542860 403
wikt 266 0.195598 8 6542860 403
wikt 267 0.000000 8 6542860 403
wikt 268 0.000000 8 6542860 403
wikt 269 0.000000 8 6542860 403
wikt 270 0.000000 8 6542860 403
wikt 271 0.000000 8 6542860 403
wikt 272 0.000000 8 6542860 403
wikt 273 0.000000 8 6542860 403
wikt 274 0.000000 8 6542860 403
wikt 275 0.000000 8 6542860 403
wikt 276 0.000000 8 6542860 403
wikt 277 0.000000 8 6542860 403
wikt 278 0.000000 8 6542860 403
wikt 279 0.000000 8 6542860 403
wikt 280 0.000000 8 6542860 403
wikt 281 0.000000 8 6542860 403
wikt 282 0.000000 8 6542860 403
wikt 283 0.649763 8 6542860 403
wikt 284 0.854740 8 6542860 403
wikt 285 0.000000 8 6542860 403
wikt 286 0.000000 8 6542860 403
wikt 287 0.000000 8 6542860 403
wikt 288 0.050389 8 6542860 403
wikt 289 0.000000 8 6542860 403
wikt 290 0.000000 8 6542860 403
wikt 291 0.079233 8 6542860 403
wikt 292 0.649763 8 6542860 403
wikt 293 0.649763 8 6542860 403
wikt 294 0.000000 8 6542860 403
wikt 295 0.854740 8 6542860 403
wikt 296 0.000000 8 6542860 403
wikt 297 0.308256 8 6542860 403
wikt 298 0.000000 8 6542860 403
wikt 299 0.137971 8 6542860 403
wikt 300 0.324882 8 6542860 403
wikt amean 0.188196 8 6542860 403
none 201 0.270735 8 6542860 403
none 202 0.000000 8 6542860 403
none 203 0.187824 8 6542860 403
none 204 0.917581 8 6542860 403
none 205 0.000000 8 6542860 403
none 206 0.046412 8 6542860 403
none 207 0.102167 8 6542860 403
none 208 0.442582 8 6542860 403
none 209 0.416249 8 6542860 403
none 210 0.275665 8 6542860 403
none 211 0.758057 8 6542860 403
none 212 0.000000 8 6542860 403
none 213 0.579499 8 6542860 403
none 214 0.775444 8 6542860 403
none 215 0.168534 8 6542860 403
none 216 0.421506 8 6542860 403
none 217 0.527641 8 6542860 403
none 218 0.279838 8 6542860 403
none 219 0.279838 8 6542860 403
none 220 0.000000 8 6542860 403
none 221 0.195598 8 6542860 403
none 222 0.201121 8 6542860 403
none 223 0.195598 8 6542860 403
none 224 0.000000 8 6542860 403
none 225 0.000000 8 6542860 403
none 226 0.195484 8 6542860 403
none 227 0.549874 8 6542860 403
none 228 0.195598 8 6542860 403
none 229 0.572396 8 6542860 403
none 230 0.000000 8 6542860 403
none 231 0.752252 8 6542860 403
none 232 0.649763 8 6542860 403
none 233 0.000000 8 6542860 403
none 234 0.576924 8 6542860 403
none 235 0.000000 8 6542860 403
none 236 0.279838 8 6542860 403
none 237 0.000000 8 6542860 403
none 238 0.000000 8 6542860 403
none 239 0.812204 8 6542860 403
none 240 0.204977 8 6542860 403
none 241 0.649763 8 6542860 403
none 242 0.361444 8 6542860 403
none 243 0.231357 8 6542860 403
none 244 0.252471 8 6542860 403
none 245 0.000000 8 6542860 403
none 246 0.000000 8 6542860 403
none 247 0.000000 8 6542860 403
none 248 0.649763 8 6542860 403
none 249 0.126094 8 6542860 403
none 250 0.000000 8 6542860 403
none 251 0.000000 8 6542860 403
none 252 0.000000 8 6542860 403
none 253 0.000000 8 6542860 403
none 254 0.000000 8 6542860 403
none 255 0.000000 8 6542860 403
none 256 0.649763 8 6542860 403
none 257 0.000000 8 6542860 403
none 258 0.000000 8 6542860 403
none 259 0.712284 8 6542860 403
none 260 0.065163 8 6542860 403
none 261 0.000000 8 6542860 403
none 262 0.279838 8 6542860 403
none 263 0.000000 8 6542860 403
none 264 0.000000 8 6542860 403
none 265 0.000000 8 6542860 403
none 266 0.231450 8 6542860 403
none 267 0.000000 8 6542860 403
none 268 0.216588 8 6542860 403
none 269 0.000000 8 6542860 403
none 270 0.000000 8 6542860 403
none 271 0.000000 8 6542860 403
none 272 0.000000 8 6542860 403
none 273 0.000000 8 6542860 403
none 274 0.000000 8 6542860 403
none 275 0.000000 8 6542860 403
none 276 0.000000 8 6542860 403
none 277 0.000000 8 6542860 403
none 278 0.000000 8 6542860 403
none 279 0.068976 8 6542860 403
none 280 0.000000 8 6542860 403
none 281 0.000000 8 6542860 403
none 282 0.000000 8 6542860 403
none 283 0.649763 8 6542860 403
none 284 0.854740 8 6542860 403
none 285 0.000000 8 6542860 403
none 286 0.000000 8 6542860 403
none 287 0.000000 8 6542860 403
none 288 0.050389 8 6542860 403
none 289 0.000000 8 6542860 403
none 290 0.000000 8 6542860 403
none 291 0.088208 8 6542860 403
none 292 0.649763 8 6542860 403
none 293 0.000000 8 6542860 403
none 294 0.000000 8 6542860 403
none 295 0.854740 8 6542860 403
none 296 0.000000 8 6542860 403
none 297 0.308256 8 6542860 403
none 298 0.000000 8 6542860 403
none 299 0.131332 8 6542860 403
none 300 0.324882 8 6542860 403
none amean 0.202382 8 6542860 403
