alpha-DCG@10
0.000000
0.000000
0.000000
0.000000
0.000000
0.251363
0.000000
0.324882
0.000000
0.108294
0.000000
0.039120
0.000000
0.649763
0.000000
0.216588
0.000000
0.000000
0.000000
0.000000
0.000000
0.000000
0.000000
0.000000
0.000000
0.068326
0.000000
0.000000
0.000000
0.000000
0.000000
0.000000
0.000000
0.000000
0.000000
0.000000
0.000000
0.000000
0.649763
0.000000
0.000000
0.000000
0.000000
0.000000
0.000000
0.000000
0.000000
0.195598
0.000000
0.000000
0.000000
0.000000
0.000000
0.000000
0.000000
0.000000
0.000000
0.000000
0.000000
0.000000
0.000000
0.000000
0.000000
0.000000
0.000000
0.000000
0.000000
0.000000
0.000000
0.000000
0.000000
0.000000
0.000000
0.000000
0.000000
0.000000
0.000000
0.000000
0.000000
0.000000
0.000000
0.000000
0.000000
0.000000
0.000000
0.000000
0.000000
0.000000
0.000000
0.000000
0.000000
0.000000
0.000000
0.000000
0.000000
0.000000
0.000000
0.000000
0.000000
0.000000
0.025037
alpha-DCG@10
0.000000
0.000000
0.000000
0.000000
0.000000
0.251363
0.000000
0.324882
0.000000
0.108294
0.000000
0.039120
0.000000
0.649763
0.000000
0.216588
0.000000
0.000000
0.000000
0.000000
0.367088
0.000000
0.000000
0.000000
0.000000
0.068326
0.000000
0.000000
0.000000
0.000000
0.000000
0.000000
0.000000
0.000000
0.000000
0.000000
0.000000
0.000000
0.649763
0.000000
0.000000
0.000000
0.000000
0.000000
0.000000
0.000000
0.000000
0.649763
0.000000
0.000000
0.000000
0.000000
0.000000
0.000000
0.000000
0.000000
0.000000
0.000000
0.541469
0.000000
0.000000
0.000000
0.000000
0.000000
0.000000
0.000000
0.000000
0.000000
0.000000
0.000000
0.000000
0.000000
0.000000
0.000000
0.000000
0.000000
0.000000
0.000000
0.000000
0.000000
0.000000
0.000000
0.000000
0.000000
0.000000
0.000000
0.000000
0.000000
0.000000
0.000000
0.000000
0.000000
0.000000
0.000000
0.000000
0.000000
0.000000
0.000000
0.000000
0.000000
0.038664
alpha-DCG@10
0.000000
0.000000
0.000000
0.000000
0.000000
0.000000
0.000000
0.324882
0.000000
0.108294
0.000000
0.039120
0.000000
0.649763
0.000000
0.216588
0.000000
0.000000
0.000000
0.000000
0.367088
0.000000
0.000000
0.000000
0.000000
0.068326
0.000000
0.000000
0.000000
0.000000
0.000000
0.000000
0.000000
0.000000
0.000000
0.000000
0.000000
0.000000
0.649763
0.000000
0.000000
0.000000
0.000000
0.000000
0.000000
0.000000
0.000000
0.649763
0.000000
0.000000
0.000000
0.000000
0.000000
0.000000
0.000000
0.000000
0.000000
0.000000
0.180490
0.000000
0.000000
0.000000
0.000000
0.000000
0.000000
0.000000
0.000000
0.000000
0.000000
0.000000
0.000000
0.000000
0.000000
0.000000
0.000000
0.000000
0.000000
0.000000
0.000000
0.000000
0.000000
0.000000
0.000000
0.000000
0.000000
0.000000
0.000000
0.000000
0.000000
0.000000
0.000000
0.000000
0.000000
0.000000
0.000000
0.000000
0.000000
0.000000
0.000000
0.000000
0.032541
alpha-DCG@10
0.000000
0.000000
0.000000
0.000000
0.000000
0.251363
0.000000
0.324882
0.000000
0.108294
0.000000
0.039120
0.000000
0.649763
0.000000
0.216588
0.000000
0.000000
0.000000
0.000000
0.289510
0.000000
0.000000
0.000000
0.000000
0.068326
0.000000
0.000000
0.000000
0.000000
0.000000
0.000000
0.000000
0.000000
0.000000
0.000000
0.000000
0.000000
0.649763
0.000000
0.000000
0.000000
0.000000
0.000000
0.000000
0.000000
0.000000
0.649763
0.000000
0.000000
0.000000
0.000000
0.000000
0.000000
0.000000
0.000000
0.000000
0.000000
0.541469
0.000000
0.000000
0.000000
0.000000
0.000000
0.000000
0.000000
0.000000
0.000000
0.000000
0.000000
0.000000
0.000000
0.273303
0.000000
0.000000
0.000000
0.000000
0.000000
0.000000
0.000000
0.000000
0.000000
0.000000
0.000000
0.000000
0.000000
0.000000
0.000000
0.000000
0.000000
0.000000
0.000000
0.000000
0.000000
0.000000
0.000000
0.000000
0.000000
0.000000
0.000000
0.040621
alpha-DCG@10
0.000000
0.000000
0.000000
0.000000
0.000000
0.251363
0.000000
0.324882
0.000000
0.108294
0.000000
0.039120
0.000000
0.649763
0.000000
0.216588
0.000000
0.000000
0.000000
0.000000
0.289510
0.000000
0.000000
0.000000
0.000000
0.068326
0.000000
0.000000
0.000000
0.000000
0.000000
0.000000
0.000000
0.000000
0.000000
0.000000
0.000000
0.000000
0.649763
0.000000
0.000000
0.000000
0.000000
0.000000
0.000000
0.000000
0.000000
0.649763
0.000000
0.000000
0.000000
0.000000
0.000000
0.000000
0.000000
0.000000
0.000000
0.000000
0.209469
0.000000
0.000000
0.000000
0.000000
0.000000
0.000000
0.000000
0.000000
0.000000
0.000000
0.000000
0.000000
0.000000
0.273303
0.000000
0.000000
0.000000
0.000000
0.000000
0.000000
0.000000
0.000000
0.000000
0.000000
0.000000
0.000000
0.000000
0.000000
0.000000
0.000000
0.000000
0.000000
0.000000
0.000000
0.000000
0.000000
0.000000
0.000000
0.000000
0.000000
0.000000
0.037301
alpha-DCG@10
0.000000
0.000000
0.000000
0.000000
0.000000
0.251363
0.000000
0.324882
0.000000
0.000000
0.000000
0.039120
0.000000
0.649763
0.000000
0.216588
0.000000
0.000000
0.000000
0.000000
0.289510
0.000000
0.000000
0.000000
0.000000
0.068326
0.000000
0.000000
0.000000
0.000000
0.000000
0.000000
0.000000
0.000000
0.000000
0.000000
0.000000
0.000000
0.649763
0.000000
0.000000
0.000000
0.000000
0.000000
0.000000
0.000000
0.000000
0.649763
0.000000
0.000000
0.000000
0.000000
0.000000
0.000000
0.000000
0.000000
0.000000
0.000000
0.541469
0.000000
0.000000
0.000000
0.000000
0.000000
0.000000
0.000000
0.000000
0.000000
0.000000
0.000000
0.000000
0.000000
0.000000
0.000000
0.000000
0.000000
0.000000
0.000000
0.000000
0.000000
0.000000
0.000000
0.000000
0.000000
0.000000
0.000000
0.000000
0.000000
0.000000
0.000000
0.000000
0.000000
0.000000
0.000000
0.000000
0.000000
0.000000
0.000000
0.000000
0.000000
0.036805
alpha-DCG@10
0.000000
0.000000
0.000000
0.000000
0.000000
0.000000
0.000000
0.324882
0.000000
0.108294
0.000000
0.000000
0.000000
0.649763
0.000000
0.216588
0.000000
0.000000
0.000000
0.000000
0.367088
0.000000
0.000000
0.000000
0.000000
0.068326
0.000000
0.000000
0.000000
0.000000
0.000000
0.000000
0.000000
0.000000
0.000000
0.000000
0.000000
0.000000
0.649763
0.000000
0.000000
0.000000
0.000000
0.000000
0.000000
0.000000
0.000000
0.649763
0.000000
0.000000
0.000000
0.000000
0.000000
0.000000
0.000000
0.000000
0.000000
0.000000
0.192875
0.000000
0.000000
0.000000
0.000000
0.000000
0.000000
0.000000
0.000000
0.000000
0.000000
0.000000
0.000000
0.000000
0.000000
0.000000
0.000000
0.000000
0.000000
0.000000
0.000000
0.000000
0.000000
0.000000
0.000000
0.000000
0.000000
0.000000
0.000000
0.000000
0.000000
0.000000
0.000000
0.000000
0.000000
0.000000
0.000000
0.000000
0.000000
0.000000
0.000000
0.000000
0.032273
