alpha-DCG@10
0.270735
0.000000
0.000000
0.527641
0.000000
0.046412
0.117130
0.441131
0.150818
0.271099
0.758057
0.086635
0.577917
0.409955
0.108294
0.412913
0.635236
0.251363
0.279838
0.000000
0.204977
0.310654
0.204977
0.000000
0.000000
0.145793
0.518249
0.747562
0.572396
0.000000
0.743675
0.649763
0.000000
0.561343
0.000000
0.187824
0.000000
0.000000
0.854740
0.279838
0.649763
0.324882
0.204977
0.251363
0.000000
0.000000
0.000000
0.000000
0.270958
0.000000
0.000000
0.000000
0.000000
0.000000
0.000000
0.649763
0.000000
0.000000
0.712284
0.000000
0.000000
0.000000
0.000000
0.000000
0.000000
0.187824
0.000000
0.195598
0.000000
0.000000
0.000000
0.000000
0.000000
0.000000
0.000000
0.000000
0.000000
0.000000
0.000000
0.000000
0.000000
0.000000
0.649763
0.854740
0.000000
0.000000
0.000000
0.050273
0.000000
0.000000
0.071818
0.649763
0.251363
0.000000
0.854740
0.000000
0.307466
0.000000
0.131297
0.324882
0.189205
alpha-DCG@10
0.270735
0.000000
0.000000
0.527641
0.000000
0.046412
0.117130
0.441131
0.194929
0.271099
0.758057
0.092580
0.579473
0.418793
0.108294
0.412913
0.527641
0.231450
0.324882
0.000000
0.440607
0.310654
0.195598
0.000000
0.000000
0.143420
0.549874
0.409955
0.572396
0.000000
0.789682
0.649763
0.000000
0.561343
0.000000
0.000000
0.000000
0.000000
0.854740
0.187824
0.649763
0.324882
0.204977
0.251363
0.000000
0.000000
0.000000
0.231450
0.270958
0.000000
0.000000
0.000000
0.000000
0.000000
0.000000
0.649763
0.000000
0.000000
0.712284
0.064976
0.000000
0.000000
0.000000
0.000000
0.000000
0.195598
0.000000
0.000000
0.000000
0.000000
0.000000
0.000000
0.000000
0.000000
0.000000
0.000000
0.000000
0.000000
0.000000
0.000000
0.000000
0.000000
0.649763
0.854740
0.000000
0.000000
0.000000
0.050273
0.000000
0.000000
0.071818
0.649763
0.000000
0.000000
0.854740
0.000000
0.307466
0.000000
0.137934
0.324882
0.184464
alpha-DCG@10
0.270735
0.000000
0.000000
0.917581
0.000000
0.046412
0.117130
0.441131
0.194929
0.271973
0.758057
0.092580
0.579473
0.743675
0.108294
0.421319
0.527641
0.231450
0.279838
0.000000
0.433175
0.201090
0.195598
0.000000
0.000000
0.141760
0.549874
0.512444
0.572396
0.000000
0.775444
0.649763
0.000000
0.576924
0.000000
0.187824
0.000000
0.000000
0.812204
0.195598
0.649763
0.324882
0.204977
0.251363
0.000000
0.000000
0.000000
0.251363
0.270958
0.000000
0.000000
0.000000
0.000000
0.000000
0.000000
0.649763
0.000000
0.000000
0.712284
0.064976
0.000000
0.279838
0.000000
0.000000
0.000000
0.195598
0.000000
0.216588
0.000000
0.000000
0.000000
0.000000
0.000000
0.000000
0.000000
0.000000
0.000000
0.000000
0.062608
0.000000
0.000000
0.000000
0.649763
0.854740
0.000000
0.000000
0.000000
0.050273
0.000000
0.000000
0.071818
0.649763
0.000000
0.000000
0.854740
0.000000
0.307466
0.000000
0.137934
0.409955
0.199277
alpha-DCG@10
0.233198
0.000000
0.000000
0.527641
0.000000
0.046412
0.117130
0.441131
0.194929
0.271973
0.758057
0.092580
0.579473
0.507754
0.108294
0.412913
0.527641
0.231450
0.409955
0.000000
0.395563
0.310654
0.195598
0.000000
0.000000
0.143420
0.518249
0.512444
0.572396
0.000000
0.775444
0.649763
0.000000
0.576924
0.000000
0.000000
0.000000
0.000000
0.854740
0.187824
0.649763
0.324882
0.204977
0.251363
0.000000
0.000000
0.000000
0.251363
0.270958
0.000000
0.000000
0.000000
0.000000
0.000000
0.000000
0.765488
0.000000
0.000000
0.712284
0.064976
0.000000
0.000000
0.000000
0.000000
0.000000
0.195598
0.000000
0.000000
0.000000
0.000000
0.000000
0.000000
0.433175
0.000000
0.000000
0.000000
0.000000
0.000000
0.000000
0.000000
0.000000
0.000000
0.649763
0.854740
0.000000
0.000000
0.000000
0.050273
0.000000
0.000000
0.071818
0.649763
0.649763
0.000000
0.854740
0.000000
0.307466
0.000000
0.137934
0.324882
0.198295
alpha-DCG@10
0.209469
0.000000
0.000000
0.000000
0.000000
0.046412
0.092823
0.441131
0.194929
0.271973
0.758057
0.100545
0.577917
0.418793
0.108294
0.425723
0.612714
0.251363
0.000000
0.000000
0.395563
0.265702
0.204977
0.000000
0.000000
0.141760
0.549874
0.000000
0.572396
0.000000
0.775444
0.649763
0.000000
0.494754
0.000000
0.000000
0.000000
0.000000
0.854740
0.251363
0.649763
0.324882
0.204977
0.279838
0.000000
0.000000
0.000000
0.251363
0.271109
0.000000
0.000000
0.000000
0.000000
0.000000
0.000000
0.747562
0.000000
0.000000
0.712284
0.064976
0.000000
0.000000
0.000000
0.000000
0.000000
0.195598
0.000000
0.000000
0.000000
0.000000
0.000000
0.000000
0.433175
0.000000
0.000000
0.000000
0.000000
0.000000
0.000000
0.000000
0.000000
0.000000
0.649763
0.854740
0.000000
0.000000
0.000000
0.050273
0.000000
0.000000
0.071818
0.649763
0.649763
0.000000
0.854740
0.000000
0.307466
0.000000
0.131297
0.324882
0.183465
alpha-DCG@10
0.270735
0.000000
0.000000
0.527641
0.000000
0.039977
0.117130
0.441131
0.150818
0.000000
0.649763
0.092580
0.579473
0.427370
0.108294
0.412913
0.612714
0.251363
0.204977
0.000000
0.395563
0.310654
0.195598
0.000000
0.000000
0.141760
0.518249
0.409955
0.572396
0.000000
0.775444
0.649763
0.000000
0.649763
0.000000
0.000000
0.000000
0.000000
0.854740
0.000000
0.649763
0.324882
0.204977
0.279838
0.000000
0.000000
0.000000
0.279838
0.254095
0.000000
0.000000
0.000000
0.000000
0.000000
0.000000
0.765488
0.000000
0.000000
0.712284
0.000000
0.000000
0.000000
0.000000
0.000000
0.000000
0.195598
0.000000
0.000000
0.000000
0.000000
0.000000
0.000000
0.000000
0.000000
0.000000
0.000000
0.000000
0.000000
0.000000
0.000000
0.000000
0.000000
0.649763
0.854740
0.000000
0.000000
0.000000
0.050273
0.000000
0.000000
0.071818
0.649763
0.649763
0.000000
0.854740
0.000000
0.307466
0.000000
0.137934
0.324882
0.185787
alpha-DCG@10
0.270735
0.000000
0.187824
0.917581
0.000000
0.046412
0.092823
0.441131
0.389858
0.271973
0.758057
0.000000
0.579473
0.775444
0.108294
0.418946
0.527641
0.279838
0.279838
0.000000
0.195598
0.201090
0.195598
0.000000
0.000000
0.141760
0.549874
0.195598
0.572396
0.000000
0.752252
0.649763
0.000000
0.576924
0.000000
0.279838
0.000000
0.000000
0.812204
0.204977
0.649763
0.324882
0.229427
0.251363
0.000000
0.000000
0.000000
0.649763
0.114479
0.000000
0.000000
0.000000
0.000000
0.000000
0.000000
0.649763
0.000000
0.000000
0.712284
0.064976
0.000000
0.279838
0.000000
0.000000
0.000000
0.231450
0.000000
0.216588
0.000000
0.000000
0.000000
0.000000
0.000000
0.000000
0.000000
0.000000
0.000000
0.000000
0.062608
0.000000
0.000000
0.000000
0.649763
0.854740
0.000000
0.000000
0.000000
0.050273
0.000000
0.000000
0.079954
0.649763
0.000000
0.000000
0.854740
0.000000
0.307466
0.000000
0.131297
0.324882
0.200138
