alpha-DCG@10
0.406542
0.057863
0.532601
0.880018
0.000000
0.196619
0.237462
0.498035
0.043318
0.155072
0.681167
0.000000
0.397997
0.996905
0.134884
0.469471
0.991847
0.586642
0.000000
0.000000
0.794518
0.584828
0.684110
0.409955
0.216997
0.216124
0.912603
0.549874
0.892407
0.572396
0.333939
0.993884
0.000000
0.457423
0.000000
0.993285
0.653386
0.251363
0.579827
0.279838
0.923918
0.541344
0.688364
0.302607
0.170948
0.000000
0.000000
0.000000
0.193434
0.000000
0.195598
0.970941
0.406563
0.335816
0.000000
0.000000
0.447938
0.376126
0.799255
0.000000
0.649763
0.388644
0.572396
0.535636
0.112315
0.752252
0.231450
0.649763
0.000000
0.196353
0.649763
0.151105
0.000000
0.040995
0.132263
0.231450
0.000000
0.000000
0.375275
0.554710
0.113528
0.816733
0.992520
0.983816
0.584357
0.758057
0.649763
0.485432
0.000000
0.334540
0.388973
0.978429
0.549874
0.046290
0.960049
0.935961
0.767022
0.000000
0.443925
0.000000
0.410094
alpha-DCG@10
0.406542
0.057863
0.000000
0.894265
0.508549
0.304513
0.237462
0.498035
0.064976
0.157647
0.681167
0.000000
0.437092
0.980586
0.161559
0.469713
0.901103
0.582909
0.000000
0.000000
0.794518
0.584828
0.690693
0.765488
0.221463
0.202854
0.941059
0.410901
0.892407
0.621295
0.928049
0.993884
0.000000
0.546272
0.093912
0.991818
0.649955
0.279838
0.421235
0.231450
0.922899
0.541344
0.688364
0.300262
0.170948
0.000000
0.000000
0.000000
0.193184
0.000000
0.187824
0.993939
0.406563
0.333109
0.000000
0.964892
0.515544
0.245588
0.825411
0.361233
0.649763
0.380895
0.854740
0.649763
0.112315
0.649763
0.216588
0.649763
0.000000
0.196353
0.000000
0.151105
0.000000
0.107133
0.132263
0.518249
0.000000
0.000000
0.372902
0.559399
0.113528
0.816733
0.992520
0.983816
0.584357
0.758057
0.649763
0.485432
0.000000
0.333088
0.388973
0.980918
0.324882
0.043318
0.986651
0.960411
0.743544
0.000000
0.443925
0.000000
0.430479
alpha-DCG@10
0.410106
0.057863
0.555136
0.625568
0.195598
0.248518
0.181529
0.498035
0.177670
0.162601
0.651527
0.000000
0.436725
0.987476
0.161883
0.440990
0.901103
0.762765
0.000000
0.000000
0.794518
0.603610
0.690693
0.409955
0.220910
0.232834
0.942031
0.549874
0.907913
0.621295
0.933919
0.995377
0.000000
0.501229
0.093912
0.991818
0.649955
0.279838
0.537178
0.752252
0.641868
0.541344
0.703794
0.300262
0.169072
0.000000
0.000000
0.000000
0.193184
0.000000
0.000000
0.993939
0.324882
0.333109
0.000000
0.935961
0.516817
0.376126
0.799255
0.369768
0.649763
0.000000
0.854740
0.649763
0.055968
0.649763
0.279838
0.409955
0.000000
0.196353
0.000000
0.151105
0.000000
0.107133
0.132263
0.765488
0.000000
0.000000
0.330016
0.565205
0.113528
0.816733
0.970941
0.987030
0.599371
0.789682
0.649763
0.485432
0.000000
0.334540
0.388973
0.983165
0.000000
0.000000
0.978429
0.854740
0.743544
0.000000
0.443925
0.000000
0.423007
alpha-DCG@10
0.406542
0.057863
0.532601
0.894991
0.502680
0.196619
0.181529
0.498035
0.064976
0.157647
0.681167
0.000000
0.435710
0.981878
0.126343
0.469471
0.904331
0.586642
0.000000
0.000000
0.801151
0.584828
0.690693
0.775444
0.301237
0.232834
0.917581
0.549874
0.892407
0.908887
0.927120
0.993884
0.000000
0.501229
0.093912
0.991818
0.649955
0.279838
0.527641
0.231450
0.922899
0.541344
0.700820
0.300262
0.170948
0.000000
0.000000
0.000000
0.193184
0.000000
0.195598
0.993939
0.406563
0.364292
0.000000
0.963034
0.515544
0.245588
0.825653
0.369768
0.649763
0.386700
0.854740
0.649763
0.055968
0.649763
0.231450
0.649763
0.000000
0.196353
0.000000
0.151105
0.714744
0.101551
0.115249
0.789682
0.000000
0.000000
0.372902
0.559399
0.113528
0.816733
0.992520
0.983816
0.599371
0.758057
0.649763
0.485432
0.000000
0.334540
0.388973
0.980192
0.649763
0.046290
0.986651
0.960411
0.767994
0.579827
0.448671
0.000000
0.459117
alpha-DCG@10
0.296190
0.054147
0.519203
0.000000
0.503266
0.207236
0.181529
0.498035
0.064976
0.153777
0.681167
0.000000
0.433267
0.980048
0.154701
0.473610
0.928442
0.819367
0.000000
0.000000
0.794518
0.585643
0.684110
0.765488
0.311112
0.232834
0.917581
0.000000
0.892407
0.908887
0.928049
0.993884
0.000000
0.535636
0.093912
0.993818
0.651510
0.195598
0.421235
0.333939
0.686072
0.539739
0.671473
0.300262
0.169072
0.000000
0.000000
0.000000
0.127238
0.000000
0.000000
0.982680
0.407956
0.364292
0.000000
0.935961
0.449905
0.245588
0.700772
0.369768
0.409955
0.325362
0.854740
0.649763
0.000000
0.747562
0.216588
0.649763
0.000000
0.196353
0.649763
0.151105
0.714744
0.101551
0.000000
0.758057
0.000000
0.000000
0.375275
0.507754
0.113528
0.816733
0.986651
0.983816
0.599371
0.758057
0.649763
0.485432
0.000000
0.334540
0.461336
0.973808
0.649763
0.046290
0.986651
0.840926
0.767994
0.187824
0.443925
0.000000
0.435346
alpha-DCG@10
0.406542
0.051244
0.573395
0.889884
0.000000
0.196619
0.237462
0.498035
0.043318
0.000000
0.598773
0.000000
0.437092
0.982085
0.160777
0.438168
0.938978
0.582909
0.000000
0.000000
0.801151
0.584828
0.693425
0.000000
0.217388
0.230303
0.908887
0.410901
0.892407
0.621295
0.928049
0.993884
0.000000
0.870066
0.093912
0.991818
0.639366
0.279838
0.593499
0.187824
0.922899
0.541344
0.702579
0.302607
0.170948
0.000000
0.000000
0.000000
0.105528
0.000000
0.195598
0.993939
0.407956
0.335816
0.000000
0.949150
0.515544
0.245588
0.825215
0.194929
0.649763
0.380895
0.572396
0.572396
0.112315
0.649763
0.216588
0.649763
0.000000
0.196353
0.649763
0.026832
0.000000
0.101551
0.000000
0.440607
0.000000
0.000000
0.439080
0.554710
0.113528
0.816733
0.992520
0.983816
0.599371
0.758057
0.649763
0.485432
0.000000
0.334540
0.431509
0.980192
0.649763
0.043318
0.986651
0.959439
0.743544
0.000000
0.443925
0.000000
0.425686
alpha-DCG@10
0.406542
0.057863
0.673775
0.624596
0.279838
0.358966
0.181529
0.498035
0.297855
0.162601
0.681167
0.043318
0.437092
0.937096
0.162851
0.472559
0.893541
0.487322
0.000000
0.259905
0.743675
0.603610
0.683817
0.409955
0.221463
0.219622
0.941059
0.000000
0.907913
0.572396
0.933526
0.991276
0.000000
0.556794
0.000000
0.993056
0.661351
0.279838
0.537178
0.758057
0.923918
0.523056
0.673231
0.300262
0.170948
0.000000
0.000000
0.204977
0.193184
0.000000
0.251363
0.995377
0.324882
0.333109
0.000000
0.917581
0.453012
0.376126
0.799255
0.369768
0.765488
0.000000
0.854740
0.649763
0.000000
0.765488
0.279838
0.409955
0.000000
0.196353
0.000000
0.066129
0.000000
0.104811
0.132263
0.765488
0.000000
0.000000
0.330016
0.422681
0.113528
0.856785
0.970941
0.990894
0.706479
0.279838
0.649763
0.485432
0.000000
0.334540
0.358765
0.949150
0.000000
0.078239
0.960049
0.819635
0.743544
0.000000
0.443925
0.000000
0.422256
