stemmer qid ndcg n collectionSize maxLength
paiceHusk 201 0.390801 4 12909723 1097
paiceHusk 202 0.000000 4 12909723 1097
paiceHusk 203 0.000000 4 12909723 1097
paiceHusk 204 0.981847 4 12909723 1097
paiceHusk 205 0.000000 4 12909723 1097
paiceHusk 206 0.352955 4 12909723 1097
paiceHusk 207 0.128920 4 12909723 1097
paiceHusk 208 0.512658 4 12909723 1097
paiceHusk 209 0.208125 4 12909723 1097
paiceHusk 210 0.143608 4 12909723 1097
paiceHusk 211 0.983752 4 12909723 1097
paiceHusk 212 0.000000 4 12909723 1097
paiceHusk 213 0.495767 4 12909723 1097
paiceHusk 214 0.922899 4 12909723 1097
paiceHusk 215 0.084267 4 12909723 1097
paiceHusk 216 0.575756 4 12909723 1097
paiceHusk 217 0.917581 4 12909723 1097
paiceHusk 218 0.258609 4 12909723 1097
paiceHusk 219 0.000000 4 12909723 1097
paiceHusk 220 0.000000 4 12909723 1097
paiceHusk 221 0.645583 4 12909723 1097
paiceHusk 222 0.675601 4 12909723 1097
paiceHusk 223 0.446857 4 12909723 1097
paiceHusk 224 0.000000 4 12909723 1097
paiceHusk 225 0.442024 4 12909723 1097
paiceHusk 226 0.402826 4 12909723 1097
paiceHusk 227 0.812204 4 12909723 1097
paiceHusk 228 0.324882 4 12909723 1097
paiceHusk 229 0.916201 4 12909723 1097
paiceHusk 230 0.649763 4 12909723 1097
paiceHusk 231 0.427370 4 12909723 1097
paiceHusk 232 0.854740 4 12909723 1097
paiceHusk 233 0.045453 4 12909723 1097
paiceHusk 234 0.424593 4 12909723 1097
paiceHusk 235 0.000000 4 12909723 1097
paiceHusk 236 0.752252 4 12909723 1097
paiceHusk 237 0.082083 4 12909723 1097
paiceHusk 238 0.000000 4 12909723 1097
paiceHusk 239 0.819635 4 12909723 1097
paiceHusk 240 0.216588 4 12909723 1097
paiceHusk 241 0.956120 4 12909723 1097
paiceHusk 242 0.361444 4 12909723 1097
paiceHusk 243 0.432907 4 12909723 1097
paiceHusk 244 0.755568 4 12909723 1097
paiceHusk 245 0.059251 4 12909723 1097
paiceHusk 246 0.000000 4 12909723 1097
paiceHusk 247 0.000000 4 12909723 1097
paiceHusk 248 0.000000 4 12909723 1097
paiceHusk 249 0.201039 4 12909723 1097
paiceHusk 250 0.000000 4 12909723 1097
paiceHusk 251 0.000000 4 12909723 1097
paiceHusk 252 0.765488 4 12909723 1097
paiceHusk 253 0.164109 4 12909723 1097
paiceHusk 254 0.144518 4 12909723 1097
paiceHusk 255 0.000000 4 12909723 1097
paiceHusk 256 0.251363 4 12909723 1097
paiceHusk 257 0.334356 4 12909723 1097
paiceHusk 258 0.000000 4 12909723 1097
paiceHusk 259 0.787212 4 12909723 1097
paiceHusk 260 0.000000 4 12909723 1097
paiceHusk 261 0.000000 4 12909723 1097
paiceHusk 262 0.324882 4 12909723 1097
paiceHusk 263 0.251363 4 12909723 1097
paiceHusk 264 0.000000 4 12909723 1097
paiceHusk 265 0.000000 4 12909723 1097
paiceHusk 266 0.775444 4 12909723 1097
paiceHusk 267 0.000000 4 12909723 1097
paiceHusk 268 0.000000 4 12909723 1097
paiceHusk 269 0.000000 4 12909723 1097
paiceHusk 270 0.315286 4 12909723 1097
paiceHusk 271 0.000000 4 12909723 1097
paiceHusk 272 0.000000 4 12909723 1097
paiceHusk 273 0.000000 4 12909723 1097
paiceHusk 274 0.000000 4 12909723 1097
paiceHusk 275 0.000000 4 12909723 1097
paiceHusk 276 0.000000 4 12909723 1097
paiceHusk 277 0.000000 4 12909723 1097
paiceHusk 278 0.000000 4 12909723 1097
paiceHusk 279 0.205909 4 12909723 1097
paiceHusk 280 0.649763 4 12909723 1097
paiceHusk 281 0.000000 4 12909723 1097
paiceHusk 282 0.359656 4 12909723 1097
paiceHusk 283 0.854740 4 12909723 1097
paiceHusk 284 0.765488 4 12909723 1097
paiceHusk 285 0.433175 4 12909723 1097
paiceHusk 286 0.000000 4 12909723 1097
paiceHusk 287 0.000000 4 12909723 1097
paiceHusk 288 0.164363 4 12909723 1097
paiceHusk 289 0.000000 4 12909723 1097
paiceHusk 290 0.129666 4 12909723 1097
paiceHusk 291 0.079233 4 12909723 1097
paiceHusk 292 0.649763 4 12909723 1097
paiceHusk 293 0.649763 4 12909723 1097
paiceHusk 294 0.098728 4 12909723 1097
paiceHusk 295 0.917581 4 12909723 1097
paiceHusk 296 0.000000 4 12909723 1097
paiceHusk 297 0.174033 4 12909723 1097
paiceHusk 298 0.000000 4 12909723 1097
paiceHusk 299 0.093304 4 12909723 1097
paiceHusk 300 0.000000 4 12909723 1097
paiceHusk amean 0.290017 4 12909723 1097
krovetz 201 0.390801 4 12909723 1097
krovetz 202 0.000000 4 12909723 1097
krovetz 203 0.000000 4 12909723 1097
krovetz 204 0.981847 4 12909723 1097
krovetz 205 0.649763 4 12909723 1097
krovetz 206 0.324262 4 12909723 1097
krovetz 207 0.128920 4 12909723 1097
krovetz 208 0.512658 4 12909723 1097
krovetz 209 0.416249 4 12909723 1097
krovetz 210 0.143608 4 12909723 1097
krovetz 211 0.983752 4 12909723 1097
krovetz 212 0.000000 4 12909723 1097
krovetz 213 0.495767 4 12909723 1097
krovetz 214 0.676392 4 12909723 1097
krovetz 215 0.084267 4 12909723 1097
krovetz 216 0.575756 4 12909723 1097
krovetz 217 0.324882 4 12909723 1097
krovetz 218 0.258609 4 12909723 1097
krovetz 219 0.000000 4 12909723 1097
krovetz 220 0.000000 4 12909723 1097
krovetz 221 0.675907 4 12909723 1097
krovetz 222 0.675601 4 12909723 1097
krovetz 223 0.457423 4 12909723 1097
krovetz 224 0.000000 4 12909723 1097
krovetz 225 0.442024 4 12909723 1097
krovetz 226 0.402826 4 12909723 1097
krovetz 227 0.812204 4 12909723 1097
krovetz 228 0.000000 4 12909723 1097
krovetz 229 0.916201 4 12909723 1097
krovetz 230 0.409955 4 12909723 1097
krovetz 231 0.630258 4 12909723 1097
krovetz 232 0.854740 4 12909723 1097
krovetz 233 0.215272 4 12909723 1097
krovetz 234 0.424593 4 12909723 1097
krovetz 235 0.000000 4 12909723 1097
krovetz 236 0.752252 4 12909723 1097
krovetz 237 0.082083 4 12909723 1097
krovetz 238 0.000000 4 12909723 1097
krovetz 239 0.819635 4 12909723 1097
krovetz 240 0.409955 4 12909723 1097
krovetz 241 0.956120 4 12909723 1097
krovetz 242 0.361444 4 12909723 1097
krovetz 243 0.432907 4 12909723 1097
krovetz 244 0.755568 4 12909723 1097
krovetz 245 0.059251 4 12909723 1097
krovetz 246 0.000000 4 12909723 1097
krovetz 247 0.000000 4 12909723 1097
krovetz 248 0.195598 4 12909723 1097
krovetz 249 0.201039 4 12909723 1097
krovetz 250 0.000000 4 12909723 1097
krovetz 251 0.000000 4 12909723 1097
krovetz 252 0.812204 4 12909723 1097
krovetz 253 0.164109 4 12909723 1097
krovetz 254 0.144518 4 12909723 1097
krovetz 255 0.000000 4 12909723 1097
krovetz 256 0.775444 4 12909723 1097
krovetz 257 0.334356 4 12909723 1097
krovetz 258 0.000000 4 12909723 1097
krovetz 259 0.809117 4 12909723 1097
krovetz 260 0.130325 4 12909723 1097
krovetz 261 0.000000 4 12909723 1097
krovetz 262 0.324882 4 12909723 1097
krovetz 263 0.279838 4 12909723 1097
krovetz 264 0.000000 4 12909723 1097
krovetz 265 0.000000 4 12909723 1097
krovetz 266 0.775444 4 12909723 1097
krovetz 267 0.000000 4 12909723 1097
krovetz 268 0.000000 4 12909723 1097
krovetz 269 0.000000 4 12909723 1097
krovetz 270 0.315286 4 12909723 1097
krovetz 271 0.000000 4 12909723 1097
krovetz 272 0.000000 4 12909723 1097
krovetz 273 0.000000 4 12909723 1097
krovetz 274 0.000000 4 12909723 1097
krovetz 275 0.000000 4 12909723 1097
krovetz 276 0.000000 4 12909723 1097
krovetz 277 0.000000 4 12909723 1097
krovetz 278 0.000000 4 12909723 1097
krovetz 279 0.205909 4 12909723 1097
krovetz 280 0.649763 4 12909723 1097
krovetz 281 0.000000 4 12909723 1097
krovetz 282 0.359656 4 12909723 1097
krovetz 283 0.854740 4 12909723 1097
krovetz 284 0.765488 4 12909723 1097
krovetz 285 0.433175 4 12909723 1097
krovetz 286 0.000000 4 12909723 1097
krovetz 287 0.000000 4 12909723 1097
krovetz 288 0.164363 4 12909723 1097
krovetz 289 0.000000 4 12909723 1097
krovetz 290 0.129666 4 12909723 1097
krovetz 291 0.079233 4 12909723 1097
krovetz 292 0.649763 4 12909723 1097
krovetz 293 0.000000 4 12909723 1097
krovetz 294 0.089160 4 12909723 1097
krovetz 295 0.917581 4 12909723 1097
krovetz 296 0.000000 4 12909723 1097
krovetz 297 0.174033 4 12909723 1097
krovetz 298 0.000000 4 12909723 1097
krovetz 299 0.093304 4 12909723 1097
krovetz 300 0.000000 4 12909723 1097
krovetz amean 0.293217 4 12909723 1097
sStripping 201 0.429931 4 12909723 1097
sStripping 202 0.000000 4 12909723 1097
sStripping 203 0.000000 4 12909723 1097
sStripping 204 0.986062 4 12909723 1097
sStripping 205 0.324882 4 12909723 1097
sStripping 206 0.352308 4 12909723 1097
sStripping 207 0.128920 4 12909723 1097
sStripping 208 0.512658 4 12909723 1097
sStripping 209 0.416249 4 12909723 1097
sStripping 210 0.147193 4 12909723 1097
sStripping 211 0.989864 4 12909723 1097
sStripping 212 0.000000 4 12909723 1097
sStripping 213 0.495767 4 12909723 1097
sStripping 214 0.931678 4 12909723 1097
sStripping 215 0.084267 4 12909723 1097
sStripping 216 0.597993 4 12909723 1097
sStripping 217 0.324882 4 12909723 1097
sStripping 218 0.258609 4 12909723 1097
sStripping 219 0.000000 4 12909723 1097
sStripping 220 0.000000 4 12909723 1097
sStripping 221 0.686586 4 12909723 1097
sStripping 222 0.673083 4 12909723 1097
sStripping 223 0.457423 4 12909723 1097
sStripping 224 0.000000 4 12909723 1097
sStripping 225 0.442024 4 12909723 1097
sStripping 226 0.402826 4 12909723 1097
sStripping 227 0.812204 4 12909723 1097
sStripping 228 0.279838 4 12909723 1097
sStripping 229 0.925323 4 12909723 1097
sStripping 230 0.409955 4 12909723 1097
sStripping 231 0.630258 4 12909723 1097
sStripping 232 0.812204 4 12909723 1097
sStripping 233 0.045453 4 12909723 1097
sStripping 234 0.424593 4 12909723 1097
sStripping 235 0.000000 4 12909723 1097
sStripping 236 0.752252 4 12909723 1097
sStripping 237 0.082083 4 12909723 1097
sStripping 238 0.000000 4 12909723 1097
sStripping 239 0.527641 4 12909723 1097
sStripping 240 0.216588 4 12909723 1097
sStripping 241 0.944655 4 12909723 1097
sStripping 242 0.361444 4 12909723 1097
sStripping 243 0.383071 4 12909723 1097
sStripping 244 0.755568 4 12909723 1097
sStripping 245 0.059251 4 12909723 1097
sStripping 246 0.000000 4 12909723 1097
sStripping 247 0.000000 4 12909723 1097
sStripping 248 0.204977 4 12909723 1097
sStripping 249 0.201039 4 12909723 1097
sStripping 250 0.000000 4 12909723 1097
sStripping 251 0.000000 4 12909723 1097
sStripping 252 0.812204 4 12909723 1097
sStripping 253 0.164109 4 12909723 1097
sStripping 254 0.144518 4 12909723 1097
sStripping 255 0.000000 4 12909723 1097
sStripping 256 0.649763 4 12909723 1097
sStripping 257 0.334356 4 12909723 1097
sStripping 258 0.000000 4 12909723 1097
sStripping 259 0.787212 4 12909723 1097
sStripping 260 0.130325 4 12909723 1097
sStripping 261 0.000000 4 12909723 1097
sStripping 262 0.000000 4 12909723 1097
sStripping 263 0.279838 4 12909723 1097
sStripping 264 0.000000 4 12909723 1097
sStripping 265 0.000000 4 12909723 1097
sStripping 266 0.775444 4 12909723 1097
sStripping 267 0.000000 4 12909723 1097
sStripping 268 0.000000 4 12909723 1097
sStripping 269 0.000000 4 12909723 1097
sStripping 270 0.315286 4 12909723 1097
sStripping 271 0.000000 4 12909723 1097
sStripping 272 0.000000 4 12909723 1097
sStripping 273 0.000000 4 12909723 1097
sStripping 274 0.000000 4 12909723 1097
sStripping 275 0.000000 4 12909723 1097
sStripping 276 0.216588 4 12909723 1097
sStripping 277 0.000000 4 12909723 1097
sStripping 278 0.000000 4 12909723 1097
sStripping 279 0.219106 4 12909723 1097
sStripping 280 0.649763 4 12909723 1097
sStripping 281 0.000000 4 12909723 1097
sStripping 282 0.359656 4 12909723 1097
sStripping 283 0.812204 4 12909723 1097
sStripping 284 0.775444 4 12909723 1097
sStripping 285 0.433175 4 12909723 1097
sStripping 286 0.000000 4 12909723 1097
sStripping 287 0.000000 4 12909723 1097
sStripping 288 0.164363 4 12909723 1097
sStripping 289 0.000000 4 12909723 1097
sStripping 290 0.129666 4 12909723 1097
sStripping 291 0.079233 4 12909723 1097
sStripping 292 0.649763 4 12909723 1097
sStripping 293 0.000000 4 12909723 1097
sStripping 294 0.127559 4 12909723 1097
sStripping 295 0.917581 4 12909723 1097
sStripping 296 0.000000 4 12909723 1097
sStripping 297 0.264703 4 12909723 1097
sStripping 298 0.000000 4 12909723 1097
sStripping 299 0.093304 4 12909723 1097
sStripping 300 0.000000 4 12909723 1097
sStripping amean 0.287568 4 12909723 1097
porter2 201 0.390801 4 12909723 1097
porter2 202 0.000000 4 12909723 1097
porter2 203 0.000000 4 12909723 1097
porter2 204 0.983752 4 12909723 1097
porter2 205 0.649763 4 12909723 1097
porter2 206 0.387071 4 12909723 1097
porter2 207 0.128920 4 12909723 1097
porter2 208 0.512658 4 12909723 1097
porter2 209 0.416249 4 12909723 1097
porter2 210 0.148419 4 12909723 1097
porter2 211 0.984477 4 12909723 1097
porter2 212 0.000000 4 12909723 1097
porter2 213 0.495767 4 12909723 1097
porter2 214 0.916201 4 12909723 1097
porter2 215 0.084267 4 12909723 1097
porter2 216 0.575756 4 12909723 1097
porter2 217 0.549874 4 12909723 1097
porter2 218 0.258609 4 12909723 1097
porter2 219 0.000000 4 12909723 1097
porter2 220 0.000000 4 12909723 1097
porter2 221 0.680202 4 12909723 1097
porter2 222 0.675601 4 12909723 1097
porter2 223 0.457423 4 12909723 1097
porter2 224 0.000000 4 12909723 1097
porter2 225 0.442024 4 12909723 1097
porter2 226 0.402826 4 12909723 1097
porter2 227 0.812204 4 12909723 1097
porter2 228 0.279838 4 12909723 1097
porter2 229 0.916201 4 12909723 1097
porter2 230 0.649763 4 12909723 1097
porter2 231 0.630258 4 12909723 1097
porter2 232 0.854740 4 12909723 1097
porter2 233 0.215272 4 12909723 1097
porter2 234 0.469637 4 12909723 1097
porter2 235 0.000000 4 12909723 1097
porter2 236 0.752252 4 12909723 1097
porter2 237 0.082083 4 12909723 1097
porter2 238 0.000000 4 12909723 1097
porter2 239 0.833307 4 12909723 1097
porter2 240 0.409955 4 12909723 1097
porter2 241 0.956120 4 12909723 1097
porter2 242 0.361444 4 12909723 1097
porter2 243 0.383071 4 12909723 1097
porter2 244 0.755568 4 12909723 1097
porter2 245 0.059251 4 12909723 1097
porter2 246 0.000000 4 12909723 1097
porter2 247 0.000000 4 12909723 1097
porter2 248 0.204977 4 12909723 1097
porter2 249 0.201039 4 12909723 1097
porter2 250 0.000000 4 12909723 1097
porter2 251 0.000000 4 12909723 1097
porter2 252 0.812204 4 12909723 1097
porter2 253 0.164109 4 12909723 1097
porter2 254 0.221335 4 12909723 1097
porter2 255 0.000000 4 12909723 1097
porter2 256 0.775444 4 12909723 1097
porter2 257 0.334356 4 12909723 1097
porter2 258 0.000000 4 12909723 1097
porter2 259 0.809117 4 12909723 1097
porter2 260 0.130325 4 12909723 1097
porter2 261 0.000000 4 12909723 1097
porter2 262 0.324882 4 12909723 1097
porter2 263 0.279838 4 12909723 1097
porter2 264 0.000000 4 12909723 1097
porter2 265 0.000000 4 12909723 1097
porter2 266 0.775444 4 12909723 1097
porter2 267 0.000000 4 12909723 1097
porter2 268 0.000000 4 12909723 1097
porter2 269 0.000000 4 12909723 1097
porter2 270 0.315286 4 12909723 1097
porter2 271 0.000000 4 12909723 1097
porter2 272 0.000000 4 12909723 1097
porter2 273 0.643147 4 12909723 1097
porter2 274 0.000000 4 12909723 1097
porter2 275 0.000000 4 12909723 1097
porter2 276 0.000000 4 12909723 1097
porter2 277 0.000000 4 12909723 1097
porter2 278 0.000000 4 12909723 1097
porter2 279 0.205909 4 12909723 1097
porter2 280 0.649763 4 12909723 1097
porter2 281 0.000000 4 12909723 1097
porter2 282 0.359656 4 12909723 1097
porter2 283 0.854740 4 12909723 1097
porter2 284 0.765488 4 12909723 1097
porter2 285 0.433175 4 12909723 1097
porter2 286 0.000000 4 12909723 1097
porter2 287 0.000000 4 12909723 1097
porter2 288 0.164363 4 12909723 1097
porter2 289 0.000000 4 12909723 1097
porter2 290 0.129666 4 12909723 1097
porter2 291 0.079233 4 12909723 1097
porter2 292 0.649763 4 12909723 1097
porter2 293 0.649763 4 12909723 1097
porter2 294 0.089160 4 12909723 1097
porter2 295 0.917581 4 12909723 1097
porter2 296 0.000000 4 12909723 1097
porter2 297 0.174033 4 12909723 1097
porter2 298 0.000000 4 12909723 1097
porter2 299 0.093304 4 12909723 1097
porter2 300 0.000000 4 12909723 1097
porter2 amean 0.317687 4 12909723 1097
lovins 201 0.386893 4 12909723 1097
lovins 202 0.000000 4 12909723 1097
lovins 203 0.000000 4 12909723 1097
lovins 204 0.000000 4 12909723 1097
lovins 205 0.649763 4 12909723 1097
lovins 206 0.312109 4 12909723 1097
lovins 207 0.088002 4 12909723 1097
lovins 208 0.514833 4 12909723 1097
lovins 209 0.416249 4 12909723 1097
lovins 210 0.147193 4 12909723 1097
lovins 211 0.984477 4 12909723 1097
lovins 212 0.000000 4 12909723 1097
lovins 213 0.495767 4 12909723 1097
lovins 214 0.675907 4 12909723 1097
lovins 215 0.084267 4 12909723 1097
lovins 216 0.597993 4 12909723 1097
lovins 217 0.875044 4 12909723 1097
lovins 218 0.236830 4 12909723 1097
lovins 219 0.000000 4 12909723 1097
lovins 220 0.000000 4 12909723 1097
lovins 221 0.680202 4 12909723 1097
lovins 222 0.684823 4 12909723 1097
lovins 223 0.446857 4 12909723 1097
lovins 224 0.000000 4 12909723 1097
lovins 225 0.417866 4 12909723 1097
lovins 226 0.402826 4 12909723 1097
lovins 227 0.859160 4 12909723 1097
lovins 228 0.000000 4 12909723 1097
lovins 229 0.922070 4 12909723 1097
lovins 230 0.649763 4 12909723 1097
lovins 231 0.630258 4 12909723 1097
lovins 232 0.854740 4 12909723 1097
lovins 233 0.215272 4 12909723 1097
lovins 234 0.310499 4 12909723 1097
lovins 235 0.000000 4 12909723 1097
lovins 236 0.409955 4 12909723 1097
lovins 237 0.082083 4 12909723 1097
lovins 238 0.000000 4 12909723 1097
lovins 239 0.819635 4 12909723 1097
lovins 240 0.231450 4 12909723 1097
lovins 241 0.956120 4 12909723 1097
lovins 242 0.361444 4 12909723 1097
lovins 243 0.383071 4 12909723 1097
lovins 244 0.755568 4 12909723 1097
lovins 245 0.059251 4 12909723 1097
lovins 246 0.000000 4 12909723 1097
lovins 247 0.000000 4 12909723 1097
lovins 248 0.195598 4 12909723 1097
lovins 249 0.097911 4 12909723 1097
lovins 250 0.000000 4 12909723 1097
lovins 251 0.000000 4 12909723 1097
lovins 252 0.789682 4 12909723 1097
lovins 253 0.164109 4 12909723 1097
lovins 254 0.221335 4 12909723 1097
lovins 255 0.000000 4 12909723 1097
lovins 256 0.758057 4 12909723 1097
lovins 257 0.334356 4 12909723 1097
lovins 258 0.000000 4 12909723 1097
lovins 259 0.739915 4 12909723 1097
lovins 260 0.130325 4 12909723 1097
lovins 261 0.000000 4 12909723 1097
lovins 262 0.324882 4 12909723 1097
lovins 263 0.251363 4 12909723 1097
lovins 264 0.000000 4 12909723 1097
lovins 265 0.000000 4 12909723 1097
lovins 266 0.775444 4 12909723 1097
lovins 267 0.000000 4 12909723 1097
lovins 268 0.000000 4 12909723 1097
lovins 269 0.000000 4 12909723 1097
lovins 270 0.315286 4 12909723 1097
lovins 271 0.000000 4 12909723 1097
lovins 272 0.000000 4 12909723 1097
lovins 273 0.643147 4 12909723 1097
lovins 274 0.000000 4 12909723 1097
lovins 275 0.000000 4 12909723 1097
lovins 276 0.000000 4 12909723 1097
lovins 277 0.000000 4 12909723 1097
lovins 278 0.000000 4 12909723 1097
lovins 279 0.205909 4 12909723 1097
lovins 280 0.649763 4 12909723 1097
lovins 281 0.000000 4 12909723 1097
lovins 282 0.388132 4 12909723 1097
lovins 283 0.854740 4 12909723 1097
lovins 284 0.765488 4 12909723 1097
lovins 285 0.433175 4 12909723 1097
lovins 286 0.000000 4 12909723 1097
lovins 287 0.000000 4 12909723 1097
lovins 288 0.164363 4 12909723 1097
lovins 289 0.000000 4 12909723 1097
lovins 290 0.129666 4 12909723 1097
lovins 291 0.079233 4 12909723 1097
lovins 292 0.649763 4 12909723 1097
lovins 293 0.649763 4 12909723 1097
lovins 294 0.089160 4 12909723 1097
lovins 295 0.917581 4 12909723 1097
lovins 296 0.000000 4 12909723 1097
lovins 297 0.174033 4 12909723 1097
lovins 298 0.000000 4 12909723 1097
lovins 299 0.093304 4 12909723 1097
lovins 300 0.000000 4 12909723 1097
lovins amean 0.295837 4 12909723 1097
wikt 201 0.390801 4 12909723 1097
wikt 202 0.000000 4 12909723 1097
wikt 203 0.000000 4 12909723 1097
wikt 204 0.981847 4 12909723 1097
wikt 205 0.279838 4 12909723 1097
wikt 206 0.374917 4 12909723 1097
wikt 207 0.128920 4 12909723 1097
wikt 208 0.512658 4 12909723 1097
wikt 209 0.208125 4 12909723 1097
wikt 210 0.000000 4 12909723 1097
wikt 211 0.949150 4 12909723 1097
wikt 212 0.000000 4 12909723 1097
wikt 213 0.495767 4 12909723 1097
wikt 214 0.676979 4 12909723 1097
wikt 215 0.084267 4 12909723 1097
wikt 216 0.575756 4 12909723 1097
wikt 217 0.875044 4 12909723 1097
wikt 218 0.258609 4 12909723 1097
wikt 219 0.000000 4 12909723 1097
wikt 220 0.000000 4 12909723 1097
wikt 221 0.680202 4 12909723 1097
wikt 222 0.675601 4 12909723 1097
wikt 223 0.457423 4 12909723 1097
wikt 224 0.000000 4 12909723 1097
wikt 225 0.417866 4 12909723 1097
wikt 226 0.402826 4 12909723 1097
wikt 227 0.812204 4 12909723 1097
wikt 228 0.187824 4 12909723 1097
wikt 229 0.916201 4 12909723 1097
wikt 230 0.409955 4 12909723 1097
wikt 231 0.630258 4 12909723 1097
wikt 232 0.854740 4 12909723 1097
wikt 233 0.215272 4 12909723 1097
wikt 234 0.279838 4 12909723 1097
wikt 235 0.000000 4 12909723 1097
wikt 236 0.752252 4 12909723 1097
wikt 237 0.082083 4 12909723 1097
wikt 238 0.000000 4 12909723 1097
wikt 239 0.819635 4 12909723 1097
wikt 240 0.187824 4 12909723 1097
wikt 241 0.956120 4 12909723 1097
wikt 242 0.361444 4 12909723 1097
wikt 243 0.383071 4 12909723 1097
wikt 244 0.755568 4 12909723 1097
wikt 245 0.059251 4 12909723 1097
wikt 246 0.000000 4 12909723 1097
wikt 247 0.000000 4 12909723 1097
wikt 248 0.204977 4 12909723 1097
wikt 249 0.097911 4 12909723 1097
wikt 250 0.000000 4 12909723 1097
wikt 251 0.000000 4 12909723 1097
wikt 252 0.812204 4 12909723 1097
wikt 253 0.164109 4 12909723 1097
wikt 254 0.144518 4 12909723 1097
wikt 255 0.000000 4 12909723 1097
wikt 256 0.765488 4 12909723 1097
wikt 257 0.334356 4 12909723 1097
wikt 258 0.000000 4 12909723 1097
wikt 259 0.809117 4 12909723 1097
wikt 260 0.082226 4 12909723 1097
wikt 261 0.000000 4 12909723 1097
wikt 262 0.324882 4 12909723 1097
wikt 263 0.279838 4 12909723 1097
wikt 264 0.000000 4 12909723 1097
wikt 265 0.000000 4 12909723 1097
wikt 266 0.775444 4 12909723 1097
wikt 267 0.000000 4 12909723 1097
wikt 268 0.000000 4 12909723 1097
wikt 269 0.000000 4 12909723 1097
wikt 270 0.315286 4 12909723 1097
wikt 271 0.000000 4 12909723 1097
wikt 272 0.000000 4 12909723 1097
wikt 273 0.000000 4 12909723 1097
wikt 274 0.000000 4 12909723 1097
wikt 275 0.000000 4 12909723 1097
wikt 276 0.000000 4 12909723 1097
wikt 277 0.000000 4 12909723 1097
wikt 278 0.000000 4 12909723 1097
wikt 279 0.205909 4 12909723 1097
wikt 280 0.649763 4 12909723 1097
wikt 281 0.000000 4 12909723 1097
wikt 282 0.359656 4 12909723 1097
wikt 283 0.854740 4 12909723 1097
wikt 284 0.765488 4 12909723 1097
wikt 285 0.433175 4 12909723 1097
wikt 286 0.000000 4 12909723 1097
wikt 287 0.000000 4 12909723 1097
wikt 288 0.164363 4 12909723 1097
wikt 289 0.000000 4 12909723 1097
wikt 290 0.129666 4 12909723 1097
wikt 291 0.079233 4 12909723 1097
wikt 292 0.649763 4 12909723 1097
wikt 293 0.649763 4 12909723 1097
wikt 294 0.098728 4 12909723 1097
wikt 295 0.917581 4 12909723 1097
wikt 296 0.000000 4 12909723 1097
wikt 297 0.174033 4 12909723 1097
wikt 298 0.000000 4 12909723 1097
wikt 299 0.093304 4 12909723 1097
wikt 300 0.000000 4 12909723 1097
wikt amean 0.294257 4 12909723 1097
none 201 0.390801 4 12909723 1097
none 202 0.000000 4 12909723 1097
none 203 0.000000 4 12909723 1097
none 204 0.986062 4 12909723 1097
none 205 0.000000 4 12909723 1097
none 206 0.329260 4 12909723 1097
none 207 0.088002 4 12909723 1097
none 208 0.514833 4 12909723 1097
none 209 0.416249 4 12909723 1097
none 210 0.147193 4 12909723 1097
none 211 0.984477 4 12909723 1097
none 212 0.000000 4 12909723 1097
none 213 0.495767 4 12909723 1097
none 214 0.927917 4 12909723 1097
none 215 0.084267 4 12909723 1097
none 216 0.597993 4 12909723 1097
none 217 0.324882 4 12909723 1097
none 218 0.209878 4 12909723 1097
none 219 0.000000 4 12909723 1097
none 220 0.000000 4 12909723 1097
none 221 0.669428 4 12909723 1097
none 222 0.673083 4 12909723 1097
none 223 0.457423 4 12909723 1097
none 224 0.000000 4 12909723 1097
none 225 0.417866 4 12909723 1097
none 226 0.402826 4 12909723 1097
none 227 0.812204 4 12909723 1097
none 228 0.000000 4 12909723 1097
none 229 0.925323 4 12909723 1097
none 230 0.649763 4 12909723 1097
none 231 0.607736 4 12909723 1097
none 232 0.854740 4 12909723 1097
none 233 0.045453 4 12909723 1097
none 234 0.484420 4 12909723 1097
none 235 0.000000 4 12909723 1097
none 236 0.422681 4 12909723 1097
none 237 0.082083 4 12909723 1097
none 238 0.000000 4 12909723 1097
none 239 0.527641 4 12909723 1097
none 240 0.216588 4 12909723 1097
none 241 0.953631 4 12909723 1097
none 242 0.361444 4 12909723 1097
none 243 0.310052 4 12909723 1097
none 244 0.755568 4 12909723 1097
none 245 0.059251 4 12909723 1097
none 246 0.000000 4 12909723 1097
none 247 0.000000 4 12909723 1097
none 248 0.324882 4 12909723 1097
none 249 0.203704 4 12909723 1097
none 250 0.000000 4 12909723 1097
none 251 0.000000 4 12909723 1097
none 252 0.812204 4 12909723 1097
none 253 0.164109 4 12909723 1097
none 254 0.144518 4 12909723 1097
none 255 0.000000 4 12909723 1097
none 256 0.649763 4 12909723 1097
none 257 0.334356 4 12909723 1097
none 258 0.000000 4 12909723 1097
none 259 0.787212 4 12909723 1097
none 260 0.130325 4 12909723 1097
none 261 0.000000 4 12909723 1097
none 262 0.000000 4 12909723 1097
none 263 0.279838 4 12909723 1097
none 264 0.000000 4 12909723 1097
none 265 0.000000 4 12909723 1097
none 266 0.870066 4 12909723 1097
none 267 0.000000 4 12909723 1097
none 268 0.000000 4 12909723 1097
none 269 0.000000 4 12909723 1097
none 270 0.315286 4 12909723 1097
none 271 0.000000 4 12909723 1097
none 272 0.000000 4 12909723 1097
none 273 0.000000 4 12909723 1097
none 274 0.000000 4 12909723 1097
none 275 0.000000 4 12909723 1097
none 276 0.231450 4 12909723 1097
none 277 0.000000 4 12909723 1097
none 278 0.000000 4 12909723 1097
none 279 0.219106 4 12909723 1097
none 280 0.649763 4 12909723 1097
none 281 0.000000 4 12909723 1097
none 282 0.000000 4 12909723 1097
none 283 0.812204 4 12909723 1097
none 284 0.924700 4 12909723 1097
none 285 0.000000 4 12909723 1097
none 286 0.000000 4 12909723 1097
none 287 0.000000 4 12909723 1097
none 288 0.164363 4 12909723 1097
none 289 0.000000 4 12909723 1097
none 290 0.129666 4 12909723 1097
none 291 0.079233 4 12909723 1097
none 292 0.649763 4 12909723 1097
none 293 0.000000 4 12909723 1097
none 294 0.186870 4 12909723 1097
none 295 0.917581 4 12909723 1097
none 296 0.000000 4 12909723 1097
none 297 0.264703 4 12909723 1097
none 298 0.000000 4 12909723 1097
none 299 0.093304 4 12909723 1097
none 300 0.000000 4 12909723 1097
none amean 0.275258 4 12909723 1097
