stemmer qid ndcg n collectionSize maxLength
paiceHusk 251 0.516045 1 52342886 2000000
paiceHusk 252 0.666447 1 52342886 2000000
paiceHusk 253 0.460943 1 52342886 2000000
paiceHusk 254 0.291661 1 52342886 2000000
paiceHusk 255 0.059541 1 52342886 2000000
paiceHusk 256 0.000000 1 52342886 2000000
paiceHusk 257 0.424578 1 52342886 2000000
paiceHusk 258 0.385298 1 52342886 2000000
paiceHusk 259 0.797049 1 52342886 2000000
paiceHusk 260 0.000000 1 52342886 2000000
paiceHusk 261 0.409955 1 52342886 2000000
paiceHusk 262 0.824344 1 52342886 2000000
paiceHusk 263 0.000000 1 52342886 2000000
paiceHusk 264 0.409955 1 52342886 2000000
paiceHusk 265 0.000000 1 52342886 2000000
paiceHusk 266 0.977117 1 52342886 2000000
paiceHusk 267 0.187824 1 52342886 2000000
paiceHusk 268 0.758057 1 52342886 2000000
paiceHusk 269 0.000000 1 52342886 2000000
paiceHusk 270 0.294219 1 52342886 2000000
paiceHusk 271 0.649763 1 52342886 2000000
paiceHusk 272 0.240102 1 52342886 2000000
paiceHusk 273 0.000000 1 52342886 2000000
paiceHusk 274 0.000000 1 52342886 2000000
paiceHusk 275 0.071232 1 52342886 2000000
paiceHusk 276 0.000000 1 52342886 2000000
paiceHusk 277 0.000000 1 52342886 2000000
paiceHusk 278 0.074039 1 52342886 2000000
paiceHusk 279 0.788958 1 52342886 2000000
paiceHusk 280 0.000000 1 52342886 2000000
paiceHusk 281 0.089278 1 52342886 2000000
paiceHusk 282 0.916063 1 52342886 2000000
paiceHusk 283 0.935961 1 52342886 2000000
paiceHusk 284 0.998869 1 52342886 2000000
paiceHusk 285 0.863565 1 52342886 2000000
paiceHusk 286 0.649763 1 52342886 2000000
paiceHusk 287 0.324882 1 52342886 2000000
paiceHusk 288 0.560274 1 52342886 2000000
paiceHusk 289 0.000000 1 52342886 2000000
paiceHusk 290 0.300409 1 52342886 2000000
paiceHusk 291 0.000000 1 52342886 2000000
paiceHusk 292 0.917581 1 52342886 2000000
paiceHusk 293 0.765488 1 52342886 2000000
paiceHusk 294 0.148091 1 52342886 2000000
paiceHusk 295 0.944655 1 52342886 2000000
paiceHusk 296 0.986651 1 52342886 2000000
paiceHusk 297 0.805559 1 52342886 2000000
paiceHusk 298 0.000000 1 52342886 2000000
paiceHusk 299 0.429420 1 52342886 2000000
paiceHusk 300 0.000000 1 52342886 2000000
paiceHusk amean 0.398473 1 52342886 2000000
krovetz 251 0.442519 1 52342886 2000000
krovetz 252 0.986305 1 52342886 2000000
krovetz 253 0.460943 1 52342886 2000000
krovetz 254 0.291661 1 52342886 2000000
krovetz 255 0.059541 1 52342886 2000000
krovetz 256 0.950322 1 52342886 2000000
krovetz 257 0.427610 1 52342886 2000000
krovetz 258 0.273362 1 52342886 2000000
krovetz 259 0.824521 1 52342886 2000000
krovetz 260 0.302808 1 52342886 2000000
krovetz 261 0.409955 1 52342886 2000000
krovetz 262 0.805013 1 52342886 2000000
krovetz 263 0.000000 1 52342886 2000000
krovetz 264 0.195598 1 52342886 2000000
krovetz 265 0.000000 1 52342886 2000000
krovetz 266 0.977117 1 52342886 2000000
krovetz 267 0.000000 1 52342886 2000000
krovetz 268 0.649763 1 52342886 2000000
krovetz 269 0.000000 1 52342886 2000000
krovetz 270 0.302297 1 52342886 2000000
krovetz 271 0.251363 1 52342886 2000000
krovetz 272 0.232014 1 52342886 2000000
krovetz 273 0.000000 1 52342886 2000000
krovetz 274 0.000000 1 52342886 2000000
krovetz 275 0.071232 1 52342886 2000000
krovetz 276 0.349162 1 52342886 2000000
krovetz 277 0.000000 1 52342886 2000000
krovetz 278 0.074039 1 52342886 2000000
krovetz 279 0.788958 1 52342886 2000000
krovetz 280 0.000000 1 52342886 2000000
krovetz 281 0.089278 1 52342886 2000000
krovetz 282 0.916063 1 52342886 2000000
krovetz 283 0.935961 1 52342886 2000000
krovetz 284 0.998869 1 52342886 2000000
krovetz 285 0.863565 1 52342886 2000000
krovetz 286 0.649763 1 52342886 2000000
krovetz 287 0.649763 1 52342886 2000000
krovetz 288 0.567245 1 52342886 2000000
krovetz 289 0.000000 1 52342886 2000000
krovetz 290 0.300409 1 52342886 2000000
krovetz 291 0.000000 1 52342886 2000000
krovetz 292 0.949150 1 52342886 2000000
krovetz 293 0.000000 1 52342886 2000000
krovetz 294 0.148091 1 52342886 2000000
krovetz 295 0.965370 1 52342886 2000000
krovetz 296 0.986651 1 52342886 2000000
krovetz 297 0.805559 1 52342886 2000000
krovetz 298 0.000000 1 52342886 2000000
krovetz 299 0.429420 1 52342886 2000000
krovetz 300 0.000000 1 52342886 2000000
krovetz amean 0.407625 1 52342886 2000000
sStripping 251 0.000000 1 52342886 2000000
sStripping 252 0.986305 1 52342886 2000000
sStripping 253 0.328218 1 52342886 2000000
sStripping 254 0.291661 1 52342886 2000000
sStripping 255 0.059541 1 52342886 2000000
sStripping 256 0.653871 1 52342886 2000000
sStripping 257 0.427139 1 52342886 2000000
sStripping 258 0.385298 1 52342886 2000000
sStripping 259 0.799255 1 52342886 2000000
sStripping 260 0.303748 1 52342886 2000000
sStripping 261 0.409955 1 52342886 2000000
sStripping 262 0.324882 1 52342886 2000000
sStripping 263 0.187824 1 52342886 2000000
sStripping 264 0.204977 1 52342886 2000000
sStripping 265 0.000000 1 52342886 2000000
sStripping 266 0.977117 1 52342886 2000000
sStripping 267 0.195598 1 52342886 2000000
sStripping 268 0.765488 1 52342886 2000000
sStripping 269 0.000000 1 52342886 2000000
sStripping 270 0.302297 1 52342886 2000000
sStripping 271 0.251363 1 52342886 2000000
sStripping 272 0.206909 1 52342886 2000000
sStripping 273 0.000000 1 52342886 2000000
sStripping 274 0.000000 1 52342886 2000000
sStripping 275 0.089885 1 52342886 2000000
sStripping 276 0.324882 1 52342886 2000000
sStripping 277 0.000000 1 52342886 2000000
sStripping 278 0.074039 1 52342886 2000000
sStripping 279 0.568792 1 52342886 2000000
sStripping 280 0.195598 1 52342886 2000000
sStripping 281 0.089278 1 52342886 2000000
sStripping 282 0.916063 1 52342886 2000000
sStripping 283 0.985406 1 52342886 2000000
sStripping 284 0.998869 1 52342886 2000000
sStripping 285 0.863565 1 52342886 2000000
sStripping 286 0.649763 1 52342886 2000000
sStripping 287 0.649763 1 52342886 2000000
sStripping 288 0.567245 1 52342886 2000000
sStripping 289 0.000000 1 52342886 2000000
sStripping 290 0.300409 1 52342886 2000000
sStripping 291 0.000000 1 52342886 2000000
sStripping 292 0.977117 1 52342886 2000000
sStripping 293 0.324882 1 52342886 2000000
sStripping 294 0.046718 1 52342886 2000000
sStripping 295 0.967859 1 52342886 2000000
sStripping 296 0.985406 1 52342886 2000000
sStripping 297 0.805559 1 52342886 2000000
sStripping 298 0.000000 1 52342886 2000000
sStripping 299 0.429420 1 52342886 2000000
sStripping 300 0.000000 1 52342886 2000000
sStripping amean 0.397439 1 52342886 2000000
porter2 251 0.516045 1 52342886 2000000
porter2 252 0.986305 1 52342886 2000000
porter2 253 0.460943 1 52342886 2000000
porter2 254 0.302160 1 52342886 2000000
porter2 255 0.059541 1 52342886 2000000
porter2 256 0.950322 1 52342886 2000000
porter2 257 0.427610 1 52342886 2000000
porter2 258 0.299280 1 52342886 2000000
porter2 259 0.824521 1 52342886 2000000
porter2 260 0.302808 1 52342886 2000000
porter2 261 0.409955 1 52342886 2000000
porter2 262 0.799208 1 52342886 2000000
porter2 263 0.000000 1 52342886 2000000
porter2 264 0.195598 1 52342886 2000000
porter2 265 0.000000 1 52342886 2000000
porter2 266 0.977117 1 52342886 2000000
porter2 267 0.187824 1 52342886 2000000
porter2 268 0.649763 1 52342886 2000000
porter2 269 0.000000 1 52342886 2000000
porter2 270 0.294219 1 52342886 2000000
porter2 271 0.409955 1 52342886 2000000
porter2 272 0.240102 1 52342886 2000000
porter2 273 0.699561 1 52342886 2000000
porter2 274 0.000000 1 52342886 2000000
porter2 275 0.071232 1 52342886 2000000
porter2 276 0.572636 1 52342886 2000000
porter2 277 0.000000 1 52342886 2000000
porter2 278 0.074039 1 52342886 2000000
porter2 279 0.788958 1 52342886 2000000
porter2 280 0.000000 1 52342886 2000000
porter2 281 0.089278 1 52342886 2000000
porter2 282 0.916063 1 52342886 2000000
porter2 283 0.935961 1 52342886 2000000
porter2 284 0.998869 1 52342886 2000000
porter2 285 0.863565 1 52342886 2000000
porter2 286 0.649763 1 52342886 2000000
porter2 287 0.324882 1 52342886 2000000
porter2 288 0.560274 1 52342886 2000000
porter2 289 0.000000 1 52342886 2000000
porter2 290 0.300409 1 52342886 2000000
porter2 291 0.000000 1 52342886 2000000
porter2 292 0.948178 1 52342886 2000000
porter2 293 0.333939 1 52342886 2000000
porter2 294 0.148091 1 52342886 2000000
porter2 295 0.965370 1 52342886 2000000
porter2 296 0.986651 1 52342886 2000000
porter2 297 0.805559 1 52342886 2000000
porter2 298 0.528188 1 52342886 2000000
porter2 299 0.429420 1 52342886 2000000
porter2 300 0.000000 1 52342886 2000000
porter2 amean 0.445683 1 52342886 2000000
lovins 251 0.367088 1 52342886 2000000
lovins 252 0.660858 1 52342886 2000000
lovins 253 0.460943 1 52342886 2000000
lovins 254 0.300001 1 52342886 2000000
lovins 255 0.059541 1 52342886 2000000
lovins 256 0.905985 1 52342886 2000000
lovins 257 0.414813 1 52342886 2000000
lovins 258 0.299280 1 52342886 2000000
lovins 259 0.541469 1 52342886 2000000
lovins 260 0.302808 1 52342886 2000000
lovins 261 0.324882 1 52342886 2000000
lovins 262 0.518249 1 52342886 2000000
lovins 263 0.000000 1 52342886 2000000
lovins 264 0.187824 1 52342886 2000000
lovins 265 0.000000 1 52342886 2000000
lovins 266 0.980192 1 52342886 2000000
lovins 267 0.187824 1 52342886 2000000
lovins 268 0.649763 1 52342886 2000000
lovins 269 0.000000 1 52342886 2000000
lovins 270 0.294219 1 52342886 2000000
lovins 271 0.649763 1 52342886 2000000
lovins 272 0.244476 1 52342886 2000000
lovins 273 0.699561 1 52342886 2000000
lovins 274 0.000000 1 52342886 2000000
lovins 275 0.000000 1 52342886 2000000
lovins 276 0.549874 1 52342886 2000000
lovins 277 0.000000 1 52342886 2000000
lovins 278 0.074039 1 52342886 2000000
lovins 279 0.788958 1 52342886 2000000
lovins 280 0.000000 1 52342886 2000000
lovins 281 0.089278 1 52342886 2000000
lovins 282 0.862877 1 52342886 2000000
lovins 283 0.935961 1 52342886 2000000
lovins 284 0.998869 1 52342886 2000000
lovins 285 0.870202 1 52342886 2000000
lovins 286 0.649763 1 52342886 2000000
lovins 287 0.324882 1 52342886 2000000
lovins 288 0.567245 1 52342886 2000000
lovins 289 0.000000 1 52342886 2000000
lovins 290 0.300409 1 52342886 2000000
lovins 291 0.000000 1 52342886 2000000
lovins 292 0.903640 1 52342886 2000000
lovins 293 0.339744 1 52342886 2000000
lovins 294 0.148091 1 52342886 2000000
lovins 295 0.965370 1 52342886 2000000
lovins 296 0.970941 1 52342886 2000000
lovins 297 0.805559 1 52342886 2000000
lovins 298 0.456763 1 52342886 2000000
lovins 299 0.429420 1 52342886 2000000
lovins 300 0.000000 1 52342886 2000000
lovins amean 0.421628 1 52342886 2000000
wikt 251 0.444462 1 52342886 2000000
wikt 252 0.989864 1 52342886 2000000
wikt 253 0.462043 1 52342886 2000000
wikt 254 0.455007 1 52342886 2000000
wikt 255 0.000000 1 52342886 2000000
wikt 256 0.948178 1 52342886 2000000
wikt 257 0.429784 1 52342886 2000000
wikt 258 0.299280 1 52342886 2000000
wikt 259 0.819507 1 52342886 2000000
wikt 260 0.195488 1 52342886 2000000
wikt 261 0.649763 1 52342886 2000000
wikt 262 0.574580 1 52342886 2000000
wikt 263 0.329249 1 52342886 2000000
wikt 264 0.525680 1 52342886 2000000
wikt 265 0.000000 1 52342886 2000000
wikt 266 0.908887 1 52342886 2000000
wikt 267 0.000000 1 52342886 2000000
wikt 268 0.649763 1 52342886 2000000
wikt 269 0.000000 1 52342886 2000000
wikt 270 0.365983 1 52342886 2000000
wikt 271 0.649763 1 52342886 2000000
wikt 272 0.226472 1 52342886 2000000
wikt 273 0.000000 1 52342886 2000000
wikt 274 0.105904 1 52342886 2000000
wikt 275 0.000000 1 52342886 2000000
wikt 276 0.388132 1 52342886 2000000
wikt 277 0.000000 1 52342886 2000000
wikt 278 0.074039 1 52342886 2000000
wikt 279 0.771350 1 52342886 2000000
wikt 280 0.231450 1 52342886 2000000
wikt 281 0.113374 1 52342886 2000000
wikt 282 0.644773 1 52342886 2000000
wikt 283 0.993884 1 52342886 2000000
wikt 284 0.999633 1 52342886 2000000
wikt 285 0.872283 1 52342886 2000000
wikt 286 0.649763 1 52342886 2000000
wikt 287 0.649763 1 52342886 2000000
wikt 288 0.518044 1 52342886 2000000
wikt 289 0.000000 1 52342886 2000000
wikt 290 0.373214 1 52342886 2000000
wikt 291 0.204813 1 52342886 2000000
wikt 292 0.970941 1 52342886 2000000
wikt 293 0.409955 1 52342886 2000000
wikt 294 0.057290 1 52342886 2000000
wikt 295 0.983752 1 52342886 2000000
wikt 296 0.986651 1 52342886 2000000
wikt 297 0.805559 1 52342886 2000000
wikt 298 0.000000 1 52342886 2000000
wikt 299 0.435769 1 52342886 2000000
wikt 300 0.000000 1 52342886 2000000
wikt amean 0.443282 1 52342886 2000000
none 251 0.324882 1 52342886 2000000
none 252 0.973573 1 52342886 2000000
none 253 0.328218 1 52342886 2000000
none 254 0.291661 1 52342886 2000000
none 255 0.000000 1 52342886 2000000
none 256 0.641646 1 52342886 2000000
none 257 0.427139 1 52342886 2000000
none 258 0.325836 1 52342886 2000000
none 259 0.799255 1 52342886 2000000
none 260 0.360462 1 52342886 2000000
none 261 0.409955 1 52342886 2000000
none 262 0.251363 1 52342886 2000000
none 263 0.187824 1 52342886 2000000
none 264 0.195598 1 52342886 2000000
none 265 0.000000 1 52342886 2000000
none 266 0.979606 1 52342886 2000000
none 267 0.187824 1 52342886 2000000
none 268 0.765488 1 52342886 2000000
none 269 0.000000 1 52342886 2000000
none 270 0.302297 1 52342886 2000000
none 271 0.000000 1 52342886 2000000
none 272 0.349776 1 52342886 2000000
none 273 0.000000 1 52342886 2000000
none 274 0.000000 1 52342886 2000000
none 275 0.071232 1 52342886 2000000
none 276 0.409955 1 52342886 2000000
none 277 0.000000 1 52342886 2000000
none 278 0.074039 1 52342886 2000000
none 279 0.568792 1 52342886 2000000
none 280 0.195598 1 52342886 2000000
none 281 0.089278 1 52342886 2000000
none 282 0.882163 1 52342886 2000000
none 283 0.985406 1 52342886 2000000
none 284 0.996940 1 52342886 2000000
none 285 0.726913 1 52342886 2000000
none 286 0.000000 1 52342886 2000000
none 287 0.324882 1 52342886 2000000
none 288 0.567245 1 52342886 2000000
none 289 0.000000 1 52342886 2000000
none 290 0.300409 1 52342886 2000000
none 291 0.000000 1 52342886 2000000
none 292 0.960411 1 52342886 2000000
none 293 0.324882 1 52342886 2000000
none 294 0.163205 1 52342886 2000000
none 295 0.956120 1 52342886 2000000
none 296 0.970941 1 52342886 2000000
none 297 0.805559 1 52342886 2000000
none 298 0.000000 1 52342886 2000000
none 299 0.429420 1 52342886 2000000
none 300 0.000000 1 52342886 2000000
none amean 0.378116 1 52342886 2000000
