alpha-DCG@10
0.390801
0.000000
0.000000
0.981847
0.000000
0.352955
0.117130
0.510977
0.194929
0.141685
0.983752
0.000000
0.495745
0.922899
0.054147
0.572258
0.917581
0.258609
0.000000
0.000000
0.645583
0.675497
0.446857
0.000000
0.286387
0.292119
0.812204
0.324882
0.916201
0.649763
0.427370
0.854740
0.037565
0.424593
0.000000
0.752252
0.081991
0.000000
0.819635
0.216588
0.956120
0.324882
0.429297
0.752252
0.046290
0.000000
0.000000
0.000000
0.182521
0.000000
0.000000
0.765488
0.162441
0.140336
0.000000
0.251363
0.324882
0.000000
0.787212
0.000000
0.000000
0.324882
0.251363
0.000000
0.000000
0.775444
0.000000
0.000000
0.000000
0.277877
0.000000
0.000000
0.000000
0.000000
0.000000
0.000000
0.000000
0.000000
0.186900
0.649763
0.000000
0.359656
0.854740
0.765488
0.433175
0.000000
0.000000
0.163982
0.000000
0.115725
0.071818
0.649763
0.649763
0.086635
0.917581
0.000000
0.173588
0.000000
0.093279
0.000000
0.284840
alpha-DCG@10
0.390801
0.000000
0.000000
0.981847
0.649763
0.324262
0.117130
0.510977
0.389858
0.141685
0.983752
0.000000
0.495745
0.676392
0.054147
0.572258
0.324882
0.258609
0.000000
0.000000
0.675907
0.675497
0.457423
0.000000
0.286387
0.292119
0.812204
0.000000
0.916201
0.409955
0.630258
0.854740
0.177914
0.424593
0.000000
0.752252
0.081991
0.000000
0.819635
0.409955
0.956120
0.324882
0.429297
0.752252
0.046290
0.000000
0.000000
0.195598
0.182521
0.000000
0.000000
0.812204
0.162441
0.140336
0.000000
0.775444
0.324882
0.000000
0.809117
0.129953
0.000000
0.324882
0.279838
0.000000
0.000000
0.775444
0.000000
0.000000
0.000000
0.277877
0.000000
0.000000
0.000000
0.000000
0.000000
0.000000
0.000000
0.000000
0.186900
0.649763
0.000000
0.359656
0.854740
0.765488
0.433175
0.000000
0.000000
0.163982
0.000000
0.115725
0.071818
0.649763
0.000000
0.078239
0.917581
0.000000
0.173588
0.000000
0.093279
0.000000
0.287622
alpha-DCG@10
0.429931
0.000000
0.000000
0.986062
0.324882
0.352308
0.117130
0.510977
0.389858
0.145222
0.989864
0.000000
0.495745
0.931678
0.054147
0.594360
0.324882
0.258609
0.000000
0.000000
0.686586
0.672980
0.457423
0.000000
0.286387
0.292119
0.812204
0.279838
0.925323
0.409955
0.630258
0.812204
0.037565
0.424593
0.000000
0.752252
0.081991
0.000000
0.527641
0.216588
0.944655
0.324882
0.379876
0.752252
0.046290
0.000000
0.000000
0.204977
0.182521
0.000000
0.000000
0.812204
0.162441
0.140336
0.000000
0.649763
0.324882
0.000000
0.787212
0.129953
0.000000
0.000000
0.279838
0.000000
0.000000
0.775444
0.000000
0.000000
0.000000
0.277877
0.000000
0.000000
0.000000
0.000000
0.000000
0.216588
0.000000
0.000000
0.198879
0.649763
0.000000
0.359656
0.812204
0.775444
0.433175
0.000000
0.000000
0.163982
0.000000
0.115725
0.071818
0.649763
0.000000
0.111935
0.917581
0.000000
0.264025
0.000000
0.093279
0.000000
0.282208
alpha-DCG@10
0.390801
0.000000
0.000000
0.983752
0.649763
0.387071
0.117130
0.510977
0.389858
0.146431
0.984477
0.000000
0.495745
0.916201
0.054147
0.572258
0.549874
0.258609
0.000000
0.000000
0.680202
0.675497
0.457423
0.000000
0.286387
0.292119
0.812204
0.279838
0.916201
0.649763
0.630258
0.854740
0.177914
0.469637
0.000000
0.752252
0.081991
0.000000
0.833307
0.409955
0.956120
0.324882
0.379876
0.752252
0.046290
0.000000
0.000000
0.204977
0.182521
0.000000
0.000000
0.812204
0.162441
0.214929
0.000000
0.775444
0.324882
0.000000
0.809117
0.129953
0.000000
0.324882
0.279838
0.000000
0.000000
0.775444
0.000000
0.000000
0.000000
0.277877
0.000000
0.000000
0.638153
0.000000
0.000000
0.000000
0.000000
0.000000
0.186900
0.649763
0.000000
0.359656
0.854740
0.765488
0.433175
0.000000
0.000000
0.163982
0.000000
0.115725
0.071818
0.649763
0.649763
0.078239
0.917581
0.000000
0.173588
0.000000
0.093279
0.000000
0.312023
alpha-DCG@10
0.386893
0.000000
0.000000
0.000000
0.649763
0.312109
0.079954
0.513145
0.389858
0.145222
0.984477
0.000000
0.495745
0.675907
0.054147
0.594360
0.875044
0.236830
0.000000
0.000000
0.680202
0.684718
0.446857
0.000000
0.270735
0.292119
0.859160
0.000000
0.922070
0.649763
0.630258
0.854740
0.177914
0.310499
0.000000
0.409955
0.081991
0.000000
0.819635
0.231450
0.956120
0.324882
0.379876
0.752252
0.046290
0.000000
0.000000
0.195598
0.088892
0.000000
0.000000
0.789682
0.162441
0.214929
0.000000
0.758057
0.324882
0.000000
0.739915
0.129953
0.000000
0.324882
0.251363
0.000000
0.000000
0.775444
0.000000
0.000000
0.000000
0.277877
0.000000
0.000000
0.638153
0.000000
0.000000
0.000000
0.000000
0.000000
0.186900
0.649763
0.000000
0.388132
0.854740
0.765488
0.433175
0.000000
0.000000
0.163982
0.000000
0.115725
0.071818
0.649763
0.649763
0.078239
0.917581
0.000000
0.173588
0.000000
0.093279
0.000000
0.290389
alpha-DCG@10
0.390801
0.000000
0.000000
0.981847
0.279838
0.374917
0.117130
0.510977
0.194929
0.000000
0.949150
0.000000
0.495745
0.676979
0.054147
0.572258
0.875044
0.258609
0.000000
0.000000
0.680202
0.675497
0.457423
0.000000
0.270735
0.292119
0.812204
0.187824
0.916201
0.409955
0.630258
0.854740
0.177914
0.279838
0.000000
0.752252
0.081991
0.000000
0.819635
0.187824
0.956120
0.324882
0.379876
0.752252
0.046290
0.000000
0.000000
0.204977
0.088892
0.000000
0.000000
0.812204
0.162441
0.140336
0.000000
0.765488
0.324882
0.000000
0.809117
0.081991
0.000000
0.324882
0.279838
0.000000
0.000000
0.775444
0.000000
0.000000
0.000000
0.277877
0.000000
0.000000
0.000000
0.000000
0.000000
0.000000
0.000000
0.000000
0.186900
0.649763
0.000000
0.359656
0.854740
0.765488
0.433175
0.000000
0.000000
0.163982
0.000000
0.115725
0.071818
0.649763
0.649763
0.086635
0.917581
0.000000
0.173588
0.000000
0.093279
0.000000
0.288986
alpha-DCG@10
0.390801
0.000000
0.000000
0.986062
0.000000
0.329260
0.079954
0.513145
0.389858
0.145222
0.984477
0.000000
0.495745
0.927917
0.054147
0.594360
0.324882
0.209878
0.000000
0.000000
0.669428
0.672980
0.457423
0.000000
0.270735
0.292119
0.812204
0.000000
0.925323
0.649763
0.607736
0.854740
0.037565
0.484420
0.000000
0.422681
0.081991
0.000000
0.527641
0.216588
0.953631
0.324882
0.307466
0.752252
0.046290
0.000000
0.000000
0.324882
0.184940
0.000000
0.000000
0.812204
0.162441
0.140336
0.000000
0.649763
0.324882
0.000000
0.787212
0.129953
0.000000
0.000000
0.279838
0.000000
0.000000
0.870066
0.000000
0.000000
0.000000
0.277877
0.000000
0.000000
0.000000
0.000000
0.000000
0.231450
0.000000
0.000000
0.198879
0.649763
0.000000
0.000000
0.812204
0.924700
0.000000
0.000000
0.000000
0.163982
0.000000
0.115725
0.071818
0.649763
0.000000
0.163982
0.917581
0.000000
0.264025
0.000000
0.093279
0.000000
0.269951
