stemmer qid ndcg n collectionSize maxLength
paiceHusk 201 0.441410 2 26171443 2981
paiceHusk 202 0.216117 2 26171443 2981
paiceHusk 203 0.655182 2 26171443 2981
paiceHusk 204 0.970586 2 26171443 2981
paiceHusk 205 0.000000 2 26171443 2981
paiceHusk 206 0.417870 2 26171443 2981
paiceHusk 207 0.479898 2 26171443 2981
paiceHusk 208 0.501382 2 26171443 2981
paiceHusk 209 0.226291 2 26171443 2981
paiceHusk 210 0.214668 2 26171443 2981
paiceHusk 211 0.993419 2 26171443 2981
paiceHusk 212 0.000000 2 26171443 2981
paiceHusk 213 0.369836 2 26171443 2981
paiceHusk 214 0.978097 2 26171443 2981
paiceHusk 215 0.106333 2 26171443 2981
paiceHusk 216 0.575359 2 26171443 2981
paiceHusk 217 0.965919 2 26171443 2981
paiceHusk 218 0.204977 2 26171443 2981
paiceHusk 219 0.000000 2 26171443 2981
paiceHusk 220 0.101417 2 26171443 2981
paiceHusk 221 0.204977 2 26171443 2981
paiceHusk 222 0.720178 2 26171443 2981
paiceHusk 223 0.984834 2 26171443 2981
paiceHusk 224 0.187824 2 26171443 2981
paiceHusk 225 0.438610 2 26171443 2981
paiceHusk 226 0.244239 2 26171443 2981
paiceHusk 227 0.917581 2 26171443 2981
paiceHusk 228 0.216588 2 26171443 2981
paiceHusk 229 0.979119 2 26171443 2981
paiceHusk 230 0.854740 2 26171443 2981
paiceHusk 231 0.635236 2 26171443 2981
paiceHusk 232 0.970941 2 26171443 2981
paiceHusk 233 0.000000 2 26171443 2981
paiceHusk 234 0.279838 2 26171443 2981
paiceHusk 235 0.177515 2 26171443 2981
paiceHusk 236 0.914929 2 26171443 2981
paiceHusk 237 0.187655 2 26171443 2981
paiceHusk 238 0.000000 2 26171443 2981
paiceHusk 239 0.511756 2 26171443 2981
paiceHusk 240 0.195598 2 26171443 2981
paiceHusk 241 0.972150 2 26171443 2981
paiceHusk 242 0.379954 2 26171443 2981
paiceHusk 243 0.693488 2 26171443 2981
paiceHusk 244 0.436594 2 26171443 2981
paiceHusk 245 0.166338 2 26171443 2981
paiceHusk 246 0.000000 2 26171443 2981
paiceHusk 247 0.000000 2 26171443 2981
paiceHusk 248 0.000000 2 26171443 2981
paiceHusk 249 0.219273 2 26171443 2981
paiceHusk 250 0.195598 2 26171443 2981
paiceHusk 251 0.231450 2 26171443 2981
paiceHusk 252 0.946249 2 26171443 2981
paiceHusk 253 0.353331 2 26171443 2981
paiceHusk 254 0.235920 2 26171443 2981
paiceHusk 255 0.000000 2 26171443 2981
paiceHusk 256 0.000000 2 26171443 2981
paiceHusk 257 0.487086 2 26171443 2981
paiceHusk 258 0.395909 2 26171443 2981
paiceHusk 259 0.801319 2 26171443 2981
paiceHusk 260 0.000000 2 26171443 2981
paiceHusk 261 0.000000 2 26171443 2981
paiceHusk 262 0.518947 2 26171443 2981
paiceHusk 263 0.649763 2 26171443 2981
paiceHusk 264 0.418793 2 26171443 2981
paiceHusk 265 0.055993 2 26171443 2981
paiceHusk 266 0.856785 2 26171443 2981
paiceHusk 267 0.000000 2 26171443 2981
paiceHusk 268 0.204977 2 26171443 2981
paiceHusk 269 0.000000 2 26171443 2981
paiceHusk 270 0.316154 2 26171443 2981
paiceHusk 271 0.649763 2 26171443 2981
paiceHusk 272 0.000000 2 26171443 2981
paiceHusk 273 0.000000 2 26171443 2981
paiceHusk 274 0.070925 2 26171443 2981
paiceHusk 275 0.071232 2 26171443 2981
paiceHusk 276 0.216588 2 26171443 2981
paiceHusk 277 0.000000 2 26171443 2981
paiceHusk 278 0.000000 2 26171443 2981
paiceHusk 279 0.119308 2 26171443 2981
paiceHusk 280 0.826689 2 26171443 2981
paiceHusk 281 0.212904 2 26171443 2981
paiceHusk 282 0.843829 2 26171443 2981
paiceHusk 283 0.917581 2 26171443 2981
paiceHusk 284 0.924700 2 26171443 2981
paiceHusk 285 0.610253 2 26171443 2981
paiceHusk 286 0.000000 2 26171443 2981
paiceHusk 287 0.000000 2 26171443 2981
paiceHusk 288 0.296163 2 26171443 2981
paiceHusk 289 0.000000 2 26171443 2981
paiceHusk 290 0.415076 2 26171443 2981
paiceHusk 291 0.000000 2 26171443 2981
paiceHusk 292 0.758057 2 26171443 2981
paiceHusk 293 0.649763 2 26171443 2981
paiceHusk 294 0.000000 2 26171443 2981
paiceHusk 295 0.946512 2 26171443 2981
paiceHusk 296 0.752252 2 26171443 2981
paiceHusk 297 0.189006 2 26171443 2981
paiceHusk 298 0.000000 2 26171443 2981
paiceHusk 299 0.251684 2 26171443 2981
paiceHusk 300 0.000000 2 26171443 2981
paiceHusk amean 0.372993 2 26171443 2981
krovetz 201 0.441410 2 26171443 2981
krovetz 202 0.216117 2 26171443 2981
krovetz 203 0.000000 2 26171443 2981
krovetz 204 0.970586 2 26171443 2981
krovetz 205 0.642355 2 26171443 2981
krovetz 206 0.404899 2 26171443 2981
krovetz 207 0.474640 2 26171443 2981
krovetz 208 0.501382 2 26171443 2981
krovetz 209 0.346874 2 26171443 2981
krovetz 210 0.214668 2 26171443 2981
krovetz 211 0.993419 2 26171443 2981
krovetz 212 0.000000 2 26171443 2981
krovetz 213 0.387934 2 26171443 2981
krovetz 214 0.976630 2 26171443 2981
krovetz 215 0.084267 2 26171443 2981
krovetz 216 0.574736 2 26171443 2981
krovetz 217 0.544614 2 26171443 2981
krovetz 218 0.204977 2 26171443 2981
krovetz 219 0.000000 2 26171443 2981
krovetz 220 0.101417 2 26171443 2981
krovetz 221 0.418332 2 26171443 2981
krovetz 222 0.723337 2 26171443 2981
krovetz 223 0.984834 2 26171443 2981
krovetz 224 0.279838 2 26171443 2981
krovetz 225 0.438610 2 26171443 2981
krovetz 226 0.255679 2 26171443 2981
krovetz 227 0.943203 2 26171443 2981
krovetz 228 0.000000 2 26171443 2981
krovetz 229 0.979119 2 26171443 2981
krovetz 230 0.901696 2 26171443 2981
krovetz 231 0.907785 2 26171443 2981
krovetz 232 0.970941 2 26171443 2981
krovetz 233 0.000000 2 26171443 2981
krovetz 234 0.324882 2 26171443 2981
krovetz 235 0.197624 2 26171443 2981
krovetz 236 0.917512 2 26171443 2981
krovetz 237 0.187655 2 26171443 2981
krovetz 238 0.000000 2 26171443 2981
krovetz 239 0.511756 2 26171443 2981
krovetz 240 0.409955 2 26171443 2981
krovetz 241 0.964892 2 26171443 2981
krovetz 242 0.379954 2 26171443 2981
krovetz 243 0.693488 2 26171443 2981
krovetz 244 0.431594 2 26171443 2981
krovetz 245 0.166338 2 26171443 2981
krovetz 246 0.000000 2 26171443 2981
krovetz 247 0.000000 2 26171443 2981
krovetz 248 0.000000 2 26171443 2981
krovetz 249 0.219273 2 26171443 2981
krovetz 250 0.216588 2 26171443 2981
krovetz 251 0.195598 2 26171443 2981
krovetz 252 0.970586 2 26171443 2981
krovetz 253 0.353331 2 26171443 2981
krovetz 254 0.235920 2 26171443 2981
krovetz 255 0.000000 2 26171443 2981
krovetz 256 0.924700 2 26171443 2981
krovetz 257 0.643964 2 26171443 2981
krovetz 258 0.395909 2 26171443 2981
krovetz 259 0.827547 2 26171443 2981
krovetz 260 0.325813 2 26171443 2981
krovetz 261 0.000000 2 26171443 2981
krovetz 262 0.456763 2 26171443 2981
krovetz 263 0.758057 2 26171443 2981
krovetz 264 0.649763 2 26171443 2981
krovetz 265 0.055993 2 26171443 2981
krovetz 266 0.856785 2 26171443 2981
krovetz 267 0.000000 2 26171443 2981
krovetz 268 0.000000 2 26171443 2981
krovetz 269 0.000000 2 26171443 2981
krovetz 270 0.316154 2 26171443 2981
krovetz 271 0.000000 2 26171443 2981
krovetz 272 0.000000 2 26171443 2981
krovetz 273 0.000000 2 26171443 2981
krovetz 274 0.089497 2 26171443 2981
krovetz 275 0.071232 2 26171443 2981
krovetz 276 0.765488 2 26171443 2981
krovetz 277 0.000000 2 26171443 2981
krovetz 278 0.000000 2 26171443 2981
krovetz 279 0.119308 2 26171443 2981
krovetz 280 0.826689 2 26171443 2981
krovetz 281 0.215819 2 26171443 2981
krovetz 282 0.843829 2 26171443 2981
krovetz 283 0.917581 2 26171443 2981
krovetz 284 0.924700 2 26171443 2981
krovetz 285 0.610253 2 26171443 2981
krovetz 286 0.000000 2 26171443 2981
krovetz 287 0.000000 2 26171443 2981
krovetz 288 0.315162 2 26171443 2981
krovetz 289 0.000000 2 26171443 2981
krovetz 290 0.415076 2 26171443 2981
krovetz 291 0.000000 2 26171443 2981
krovetz 292 0.758057 2 26171443 2981
krovetz 293 0.279838 2 26171443 2981
krovetz 294 0.000000 2 26171443 2981
krovetz 295 0.970941 2 26171443 2981
krovetz 296 0.758057 2 26171443 2981
krovetz 297 0.189006 2 26171443 2981
krovetz 298 0.000000 2 26171443 2981
krovetz 299 0.251684 2 26171443 2981
krovetz 300 0.000000 2 26171443 2981
krovetz amean 0.387949 2 26171443 2981
sStripping 201 0.443564 2 26171443 2981
sStripping 202 0.216117 2 26171443 2981
sStripping 203 0.612714 2 26171443 2981
sStripping 204 0.967859 2 26171443 2981
sStripping 205 0.508869 2 26171443 2981
sStripping 206 0.400607 2 26171443 2981
sStripping 207 0.412556 2 26171443 2981
sStripping 208 0.501382 2 26171443 2981
sStripping 209 0.346874 2 26171443 2981
sStripping 210 0.214668 2 26171443 2981
sStripping 211 0.992175 2 26171443 2981
sStripping 212 0.000000 2 26171443 2981
sStripping 213 0.390142 2 26171443 2981
sStripping 214 0.982024 2 26171443 2981
sStripping 215 0.084267 2 26171443 2981
sStripping 216 0.596668 2 26171443 2981
sStripping 217 0.544614 2 26171443 2981
sStripping 218 0.204977 2 26171443 2981
sStripping 219 0.000000 2 26171443 2981
sStripping 220 0.093383 2 26171443 2981
sStripping 221 0.434379 2 26171443 2981
sStripping 222 0.725334 2 26171443 2981
sStripping 223 0.984834 2 26171443 2981
sStripping 224 0.204977 2 26171443 2981
sStripping 225 0.438610 2 26171443 2981
sStripping 226 0.244055 2 26171443 2981
sStripping 227 0.944655 2 26171443 2981
sStripping 228 0.204977 2 26171443 2981
sStripping 229 0.980410 2 26171443 2981
sStripping 230 0.901696 2 26171443 2981
sStripping 231 0.909237 2 26171443 2981
sStripping 232 0.967381 2 26171443 2981
sStripping 233 0.000000 2 26171443 2981
sStripping 234 0.279838 2 26171443 2981
sStripping 235 0.197624 2 26171443 2981
sStripping 236 0.917512 2 26171443 2981
sStripping 237 0.187655 2 26171443 2981
sStripping 238 0.000000 2 26171443 2981
sStripping 239 0.516301 2 26171443 2981
sStripping 240 0.279838 2 26171443 2981
sStripping 241 0.905641 2 26171443 2981
sStripping 242 0.379954 2 26171443 2981
sStripping 243 0.676454 2 26171443 2981
sStripping 244 0.431594 2 26171443 2981
sStripping 245 0.166338 2 26171443 2981
sStripping 246 0.000000 2 26171443 2981
sStripping 247 0.000000 2 26171443 2981
sStripping 248 0.000000 2 26171443 2981
sStripping 249 0.219273 2 26171443 2981
sStripping 250 0.231450 2 26171443 2981
sStripping 251 0.000000 2 26171443 2981
sStripping 252 0.970586 2 26171443 2981
sStripping 253 0.330567 2 26171443 2981
sStripping 254 0.235920 2 26171443 2981
sStripping 255 0.000000 2 26171443 2981
sStripping 256 0.854740 2 26171443 2981
sStripping 257 0.520563 2 26171443 2981
sStripping 258 0.395909 2 26171443 2981
sStripping 259 0.802529 2 26171443 2981
sStripping 260 0.377004 2 26171443 2981
sStripping 261 0.000000 2 26171443 2981
sStripping 262 0.000000 2 26171443 2981
sStripping 263 0.758057 2 26171443 2981
sStripping 264 0.649763 2 26171443 2981
sStripping 265 0.055993 2 26171443 2981
sStripping 266 0.856785 2 26171443 2981
sStripping 267 0.000000 2 26171443 2981
sStripping 268 0.216588 2 26171443 2981
sStripping 269 0.000000 2 26171443 2981
sStripping 270 0.316154 2 26171443 2981
sStripping 271 0.000000 2 26171443 2981
sStripping 272 0.000000 2 26171443 2981
sStripping 273 0.000000 2 26171443 2981
sStripping 274 0.141850 2 26171443 2981
sStripping 275 0.071232 2 26171443 2981
sStripping 276 0.758057 2 26171443 2981
sStripping 277 0.000000 2 26171443 2981
sStripping 278 0.000000 2 26171443 2981
sStripping 279 0.244644 2 26171443 2981
sStripping 280 0.854740 2 26171443 2981
sStripping 281 0.215819 2 26171443 2981
sStripping 282 0.843829 2 26171443 2981
sStripping 283 0.924700 2 26171443 2981
sStripping 284 0.960411 2 26171443 2981
sStripping 285 0.609605 2 26171443 2981
sStripping 286 0.000000 2 26171443 2981
sStripping 287 0.000000 2 26171443 2981
sStripping 288 0.297103 2 26171443 2981
sStripping 289 0.000000 2 26171443 2981
sStripping 290 0.415076 2 26171443 2981
sStripping 291 0.000000 2 26171443 2981
sStripping 292 0.649763 2 26171443 2981
sStripping 293 0.000000 2 26171443 2981
sStripping 294 0.000000 2 26171443 2981
sStripping 295 0.946512 2 26171443 2981
sStripping 296 0.359656 2 26171443 2981
sStripping 297 0.189006 2 26171443 2981
sStripping 298 0.000000 2 26171443 2981
sStripping 299 0.251684 2 26171443 2981
sStripping 300 0.000000 2 26171443 2981
sStripping amean 0.379183 2 26171443 2981
porter2 201 0.441410 2 26171443 2981
porter2 202 0.216117 2 26171443 2981
porter2 203 0.655182 2 26171443 2981
porter2 204 0.970586 2 26171443 2981
porter2 205 0.642355 2 26171443 2981
porter2 206 0.393736 2 26171443 2981
porter2 207 0.412556 2 26171443 2981
porter2 208 0.501382 2 26171443 2981
porter2 209 0.346874 2 26171443 2981
porter2 210 0.219690 2 26171443 2981
porter2 211 0.992175 2 26171443 2981
porter2 212 0.000000 2 26171443 2981
porter2 213 0.369836 2 26171443 2981
porter2 214 0.976630 2 26171443 2981
porter2 215 0.106333 2 26171443 2981
porter2 216 0.574736 2 26171443 2981
porter2 217 0.652013 2 26171443 2981
porter2 218 0.204977 2 26171443 2981
porter2 219 0.000000 2 26171443 2981
porter2 220 0.101417 2 26171443 2981
porter2 221 0.439465 2 26171443 2981
porter2 222 0.720178 2 26171443 2981
porter2 223 0.984834 2 26171443 2981
porter2 224 0.324882 2 26171443 2981
porter2 225 0.438610 2 26171443 2981
porter2 226 0.240112 2 26171443 2981
porter2 227 0.942031 2 26171443 2981
porter2 228 0.204977 2 26171443 2981
porter2 229 0.979119 2 26171443 2981
porter2 230 0.908887 2 26171443 2981
porter2 231 0.909237 2 26171443 2981
porter2 232 0.970941 2 26171443 2981
porter2 233 0.000000 2 26171443 2981
porter2 234 0.324882 2 26171443 2981
porter2 235 0.197624 2 26171443 2981
porter2 236 0.917512 2 26171443 2981
porter2 237 0.187655 2 26171443 2981
porter2 238 0.000000 2 26171443 2981
porter2 239 0.537178 2 26171443 2981
porter2 240 0.409955 2 26171443 2981
porter2 241 0.964892 2 26171443 2981
porter2 242 0.379954 2 26171443 2981
porter2 243 0.676454 2 26171443 2981
porter2 244 0.431594 2 26171443 2981
porter2 245 0.166338 2 26171443 2981
porter2 246 0.000000 2 26171443 2981
porter2 247 0.000000 2 26171443 2981
porter2 248 0.000000 2 26171443 2981
porter2 249 0.219273 2 26171443 2981
porter2 250 0.216588 2 26171443 2981
porter2 251 0.231450 2 26171443 2981
porter2 252 0.970586 2 26171443 2981
porter2 253 0.353331 2 26171443 2981
porter2 254 0.319766 2 26171443 2981
porter2 255 0.000000 2 26171443 2981
porter2 256 0.924700 2 26171443 2981
porter2 257 0.643964 2 26171443 2981
porter2 258 0.395909 2 26171443 2981
porter2 259 0.827547 2 26171443 2981
porter2 260 0.377004 2 26171443 2981
porter2 261 0.000000 2 26171443 2981
porter2 262 0.456763 2 26171443 2981
porter2 263 0.752252 2 26171443 2981
porter2 264 0.649763 2 26171443 2981
porter2 265 0.055993 2 26171443 2981
porter2 266 0.856785 2 26171443 2981
porter2 267 0.000000 2 26171443 2981
porter2 268 0.000000 2 26171443 2981
porter2 269 0.000000 2 26171443 2981
porter2 270 0.316154 2 26171443 2981
porter2 271 0.000000 2 26171443 2981
porter2 272 0.000000 2 26171443 2981
porter2 273 0.683428 2 26171443 2981
porter2 274 0.089497 2 26171443 2981
porter2 275 0.071232 2 26171443 2981
porter2 276 0.775444 2 26171443 2981
porter2 277 0.000000 2 26171443 2981
porter2 278 0.000000 2 26171443 2981
porter2 279 0.230470 2 26171443 2981
porter2 280 0.775444 2 26171443 2981
porter2 281 0.215819 2 26171443 2981
porter2 282 0.843829 2 26171443 2981
porter2 283 0.917581 2 26171443 2981
porter2 284 0.924700 2 26171443 2981
porter2 285 0.610253 2 26171443 2981
porter2 286 0.000000 2 26171443 2981
porter2 287 0.000000 2 26171443 2981
porter2 288 0.296163 2 26171443 2981
porter2 289 0.000000 2 26171443 2981
porter2 290 0.415076 2 26171443 2981
porter2 291 0.000000 2 26171443 2981
porter2 292 0.758057 2 26171443 2981
porter2 293 0.649763 2 26171443 2981
porter2 294 0.000000 2 26171443 2981
porter2 295 0.970941 2 26171443 2981
porter2 296 0.758057 2 26171443 2981
porter2 297 0.189006 2 26171443 2981
porter2 298 0.607736 2 26171443 2981
porter2 299 0.209136 2 26171443 2981
porter2 300 0.000000 2 26171443 2981
porter2 amean 0.415948 2 26171443 2981
lovins 201 0.383064 2 26171443 2981
lovins 202 0.216117 2 26171443 2981
lovins 203 0.551119 2 26171443 2981
lovins 204 0.000000 2 26171443 2981
lovins 205 0.642355 2 26171443 2981
lovins 206 0.380052 2 26171443 2981
lovins 207 0.325624 2 26171443 2981
lovins 208 0.501382 2 26171443 2981
lovins 209 0.346874 2 26171443 2981
lovins 210 0.214668 2 26171443 2981
lovins 211 0.992175 2 26171443 2981
lovins 212 0.000000 2 26171443 2981
lovins 213 0.373396 2 26171443 2981
lovins 214 0.976630 2 26171443 2981
lovins 215 0.072584 2 26171443 2981
lovins 216 0.596016 2 26171443 2981
lovins 217 0.683091 2 26171443 2981
lovins 218 0.204977 2 26171443 2981
lovins 219 0.000000 2 26171443 2981
lovins 220 0.093383 2 26171443 2981
lovins 221 0.439465 2 26171443 2981
lovins 222 0.727569 2 26171443 2981
lovins 223 0.984834 2 26171443 2981
lovins 224 0.324882 2 26171443 2981
lovins 225 0.438610 2 26171443 2981
lovins 226 0.255423 2 26171443 2981
lovins 227 0.939676 2 26171443 2981
lovins 228 0.000000 2 26171443 2981
lovins 229 0.979119 2 26171443 2981
lovins 230 0.908887 2 26171443 2981
lovins 231 0.907785 2 26171443 2981
lovins 232 0.970941 2 26171443 2981
lovins 233 0.000000 2 26171443 2981
lovins 234 0.302776 2 26171443 2981
lovins 235 0.197624 2 26171443 2981
lovins 236 0.894265 2 26171443 2981
lovins 237 0.187655 2 26171443 2981
lovins 238 0.000000 2 26171443 2981
lovins 239 0.511756 2 26171443 2981
lovins 240 0.251363 2 26171443 2981
lovins 241 0.964892 2 26171443 2981
lovins 242 0.379954 2 26171443 2981
lovins 243 0.676454 2 26171443 2981
lovins 244 0.431594 2 26171443 2981
lovins 245 0.190379 2 26171443 2981
lovins 246 0.000000 2 26171443 2981
lovins 247 0.000000 2 26171443 2981
lovins 248 0.000000 2 26171443 2981
lovins 249 0.150163 2 26171443 2981
lovins 250 0.204977 2 26171443 2981
lovins 251 0.000000 2 26171443 2981
lovins 252 0.952488 2 26171443 2981
lovins 253 0.353331 2 26171443 2981
lovins 254 0.319766 2 26171443 2981
lovins 255 0.000000 2 26171443 2981
lovins 256 0.854740 2 26171443 2981
lovins 257 0.643964 2 26171443 2981
lovins 258 0.395909 2 26171443 2981
lovins 259 0.725055 2 26171443 2981
lovins 260 0.377004 2 26171443 2981
lovins 261 0.000000 2 26171443 2981
lovins 262 0.494754 2 26171443 2981
lovins 263 0.743675 2 26171443 2981
lovins 264 0.649763 2 26171443 2981
lovins 265 0.000000 2 26171443 2981
lovins 266 0.853069 2 26171443 2981
lovins 267 0.000000 2 26171443 2981
lovins 268 0.000000 2 26171443 2981
lovins 269 0.000000 2 26171443 2981
lovins 270 0.316154 2 26171443 2981
lovins 271 0.649763 2 26171443 2981
lovins 272 0.000000 2 26171443 2981
lovins 273 0.683428 2 26171443 2981
lovins 274 0.070925 2 26171443 2981
lovins 275 0.000000 2 26171443 2981
lovins 276 0.847544 2 26171443 2981
lovins 277 0.000000 2 26171443 2981
lovins 278 0.000000 2 26171443 2981
lovins 279 0.288677 2 26171443 2981
lovins 280 0.775444 2 26171443 2981
lovins 281 0.212904 2 26171443 2981
lovins 282 0.843829 2 26171443 2981
lovins 283 0.917581 2 26171443 2981
lovins 284 0.924700 2 26171443 2981
lovins 285 0.610253 2 26171443 2981
lovins 286 0.000000 2 26171443 2981
lovins 287 0.000000 2 26171443 2981
lovins 288 0.297103 2 26171443 2981
lovins 289 0.000000 2 26171443 2981
lovins 290 0.415076 2 26171443 2981
lovins 291 0.512033 2 26171443 2981
lovins 292 0.747562 2 26171443 2981
lovins 293 0.649763 2 26171443 2981
lovins 294 0.000000 2 26171443 2981
lovins 295 0.970941 2 26171443 2981
lovins 296 0.450563 2 26171443 2981
lovins 297 0.189006 2 26171443 2981
lovins 298 0.195598 2 26171443 2981
lovins 299 0.251684 2 26171443 2981
lovins 300 0.000000 2 26171443 2981
lovins amean 0.399586 2 26171443 2981
wikt 201 0.441410 2 26171443 2981
wikt 202 0.216117 2 26171443 2981
wikt 203 0.683025 2 26171443 2981
wikt 204 0.970586 2 26171443 2981
wikt 205 0.426229 2 26171443 2981
wikt 206 0.417870 2 26171443 2981
wikt 207 0.474640 2 26171443 2981
wikt 208 0.501382 2 26171443 2981
wikt 209 0.200687 2 26171443 2981
wikt 210 0.000000 2 26171443 2981
wikt 211 0.572636 2 26171443 2981
wikt 212 0.000000 2 26171443 2981
wikt 213 0.387934 2 26171443 2981
wikt 214 0.976630 2 26171443 2981
wikt 215 0.084267 2 26171443 2981
wikt 216 0.575359 2 26171443 2981
wikt 217 0.682262 2 26171443 2981
wikt 218 0.204977 2 26171443 2981
wikt 219 0.000000 2 26171443 2981
wikt 220 0.101417 2 26171443 2981
wikt 221 0.439465 2 26171443 2981
wikt 222 0.720178 2 26171443 2981
wikt 223 0.984834 2 26171443 2981
wikt 224 0.000000 2 26171443 2981
wikt 225 0.436048 2 26171443 2981
wikt 226 0.255679 2 26171443 2981
wikt 227 0.933337 2 26171443 2981
wikt 228 0.000000 2 26171443 2981
wikt 229 0.979119 2 26171443 2981
wikt 230 0.901696 2 26171443 2981
wikt 231 0.902118 2 26171443 2981
wikt 232 0.970941 2 26171443 2981
wikt 233 0.000000 2 26171443 2981
wikt 234 0.195598 2 26171443 2981
wikt 235 0.177515 2 26171443 2981
wikt 236 0.917512 2 26171443 2981
wikt 237 0.056031 2 26171443 2981
wikt 238 0.000000 2 26171443 2981
wikt 239 0.511756 2 26171443 2981
wikt 240 0.000000 2 26171443 2981
wikt 241 0.964892 2 26171443 2981
wikt 242 0.379954 2 26171443 2981
wikt 243 0.676454 2 26171443 2981
wikt 244 0.431594 2 26171443 2981
wikt 245 0.166338 2 26171443 2981
wikt 246 0.000000 2 26171443 2981
wikt 247 0.000000 2 26171443 2981
wikt 248 0.000000 2 26171443 2981
wikt 249 0.150056 2 26171443 2981
wikt 250 0.204977 2 26171443 2981
wikt 251 0.231450 2 26171443 2981
wikt 252 0.970586 2 26171443 2981
wikt 253 0.353331 2 26171443 2981
wikt 254 0.235920 2 26171443 2981
wikt 255 0.000000 2 26171443 2981
wikt 256 0.875044 2 26171443 2981
wikt 257 0.643964 2 26171443 2981
wikt 258 0.395909 2 26171443 2981
wikt 259 0.826510 2 26171443 2981
wikt 260 0.284351 2 26171443 2981
wikt 261 0.000000 2 26171443 2981
wikt 262 0.456763 2 26171443 2981
wikt 263 0.649763 2 26171443 2981
wikt 264 0.752252 2 26171443 2981
wikt 265 0.055993 2 26171443 2981
wikt 266 0.856785 2 26171443 2981
wikt 267 0.000000 2 26171443 2981
wikt 268 0.000000 2 26171443 2981
wikt 269 0.000000 2 26171443 2981
wikt 270 0.316154 2 26171443 2981
wikt 271 0.649763 2 26171443 2981
wikt 272 0.000000 2 26171443 2981
wikt 273 0.000000 2 26171443 2981
wikt 274 0.089497 2 26171443 2981
wikt 275 0.000000 2 26171443 2981
wikt 276 0.422681 2 26171443 2981
wikt 277 0.000000 2 26171443 2981
wikt 278 0.000000 2 26171443 2981
wikt 279 0.288677 2 26171443 2981
wikt 280 0.826689 2 26171443 2981
wikt 281 0.215819 2 26171443 2981
wikt 282 0.843829 2 26171443 2981
wikt 283 0.917581 2 26171443 2981
wikt 284 0.924700 2 26171443 2981
wikt 285 0.609605 2 26171443 2981
wikt 286 0.000000 2 26171443 2981
wikt 287 0.000000 2 26171443 2981
wikt 288 0.297103 2 26171443 2981
wikt 289 0.000000 2 26171443 2981
wikt 290 0.415076 2 26171443 2981
wikt 291 0.512033 2 26171443 2981
wikt 292 0.758057 2 26171443 2981
wikt 293 0.649763 2 26171443 2981
wikt 294 0.000000 2 26171443 2981
wikt 295 0.953631 2 26171443 2981
wikt 296 0.758057 2 26171443 2981
wikt 297 0.189006 2 26171443 2981
wikt 298 0.000000 2 26171443 2981
wikt 299 0.209136 2 26171443 2981
wikt 300 0.000000 2 26171443 2981
wikt amean 0.387090 2 26171443 2981
none 201 0.441410 2 26171443 2981
none 202 0.216117 2 26171443 2981
none 203 0.894516 2 26171443 2981
none 204 0.967859 2 26171443 2981
none 205 0.409955 2 26171443 2981
none 206 0.423260 2 26171443 2981
none 207 0.325624 2 26171443 2981
none 208 0.501382 2 26171443 2981
none 209 0.401374 2 26171443 2981
none 210 0.214668 2 26171443 2981
none 211 0.992175 2 26171443 2981
none 212 0.065102 2 26171443 2981
none 213 0.393565 2 26171443 2981
none 214 0.940282 2 26171443 2981
none 215 0.072584 2 26171443 2981
none 216 0.596668 2 26171443 2981
none 217 0.554179 2 26171443 2981
none 218 0.140868 2 26171443 2981
none 219 0.000000 2 26171443 2981
none 220 0.262159 2 26171443 2981
none 221 0.380895 2 26171443 2981
none 222 0.725334 2 26171443 2981
none 223 0.982986 2 26171443 2981
none 224 0.204977 2 26171443 2981
none 225 0.438610 2 26171443 2981
none 226 0.240112 2 26171443 2981
none 227 0.938225 2 26171443 2981
none 228 0.000000 2 26171443 2981
none 229 0.980410 2 26171443 2981
none 230 0.854740 2 26171443 2981
none 231 0.909237 2 26171443 2981
none 232 0.967381 2 26171443 2981
none 233 0.000000 2 26171443 2981
none 234 0.507754 2 26171443 2981
none 235 0.177515 2 26171443 2981
none 236 0.965370 2 26171443 2981
none 237 0.056031 2 26171443 2981
none 238 0.000000 2 26171443 2981
none 239 0.516301 2 26171443 2981
none 240 0.324882 2 26171443 2981
none 241 0.972150 2 26171443 2981
none 242 0.381742 2 26171443 2981
none 243 0.597243 2 26171443 2981
none 244 0.431594 2 26171443 2981
none 245 0.191374 2 26171443 2981
none 246 0.000000 2 26171443 2981
none 247 0.000000 2 26171443 2981
none 248 0.251363 2 26171443 2981
none 249 0.219161 2 26171443 2981
none 250 0.231450 2 26171443 2981
none 251 0.000000 2 26171443 2981
none 252 0.970586 2 26171443 2981
none 253 0.330567 2 26171443 2981
none 254 0.235920 2 26171443 2981
none 255 0.000000 2 26171443 2981
none 256 0.789682 2 26171443 2981
none 257 0.520563 2 26171443 2981
none 258 0.395909 2 26171443 2981
none 259 0.802529 2 26171443 2981
none 260 0.377004 2 26171443 2981
none 261 0.000000 2 26171443 2981
none 262 0.000000 2 26171443 2981
none 263 0.758057 2 26171443 2981
none 264 0.649763 2 26171443 2981
none 265 0.000000 2 26171443 2981
none 266 0.876001 2 26171443 2981
none 267 0.000000 2 26171443 2981
none 268 0.216588 2 26171443 2981
none 269 0.000000 2 26171443 2981
none 270 0.316154 2 26171443 2981
none 271 0.000000 2 26171443 2981
none 272 0.000000 2 26171443 2981
none 273 0.000000 2 26171443 2981
none 274 0.141850 2 26171443 2981
none 275 0.071232 2 26171443 2981
none 276 0.758057 2 26171443 2981
none 277 0.000000 2 26171443 2981
none 278 0.000000 2 26171443 2981
none 279 0.244644 2 26171443 2981
none 280 0.765488 2 26171443 2981
none 281 0.142465 2 26171443 2981
none 282 0.812204 2 26171443 2981
none 283 0.924700 2 26171443 2981
none 284 0.931678 2 26171443 2981
none 285 0.471750 2 26171443 2981
none 286 0.000000 2 26171443 2981
none 287 0.000000 2 26171443 2981
none 288 0.297103 2 26171443 2981
none 289 0.000000 2 26171443 2981
none 290 0.415076 2 26171443 2981
none 291 0.000000 2 26171443 2981
none 292 0.649763 2 26171443 2981
none 293 0.000000 2 26171443 2981
none 294 0.176923 2 26171443 2981
none 295 0.946512 2 26171443 2981
none 296 0.388132 2 26171443 2981
none 297 0.189006 2 26171443 2981
none 298 0.000000 2 26171443 2981
none 299 0.251684 2 26171443 2981
none 300 0.000000 2 26171443 2981
none amean 0.380782 2 26171443 2981
