nERR-IA@10
0.222227
0.000000
0.000000
0.987462
0.000000
0.238760
0.116310
0.391629
0.154738
0.082883
0.990092
0.000000
0.433102
0.900915
0.069026
0.566848
0.937863
0.143285
0.000000
0.000000
0.497238
0.622275
0.241444
0.000000
0.529887
0.283431
0.841672
0.240478
0.897784
0.721433
0.285567
0.901792
0.017993
0.238474
0.000000
0.766523
0.072191
0.000000
0.807318
0.103062
0.964917
0.421005
0.364020
0.814111
0.033386
0.000000
0.000000
0.000000
0.213078
0.000000
0.000000
0.781553
0.182240
0.123912
0.000000
0.144287
0.373274
0.000000
0.792288
0.000000
0.000000
0.240478
0.144287
0.000000
0.000000
0.793577
0.000000
0.000000
0.000000
0.232934
0.000000
0.000000
0.000000
0.000000
0.000000
0.000000
0.000000
0.000000
0.106720
0.721433
0.000000
0.195818
0.901792
0.781553
0.480955
0.000000
0.000000
0.144500
0.000000
0.070717
0.046685
0.721433
0.721433
0.048936
0.937863
0.000000
0.090330
0.000000
0.060126
0.000000
0.269533
nERR-IA@10
0.222227
0.000000
0.000000
0.987462
0.721433
0.209559
0.116310
0.391629
0.464214
0.082883
0.990092
0.000000
0.433102
0.537067
0.069026
0.566848
0.240478
0.143285
0.000000
0.000000
0.536566
0.622275
0.244700
0.000000
0.529887
0.283431
0.841672
0.000000
0.897784
0.360717
0.511015
0.901792
0.092462
0.238474
0.000000
0.766523
0.072191
0.000000
0.807318
0.360717
0.964917
0.421005
0.364020
0.814111
0.033386
0.000000
0.000000
0.080159
0.213078
0.000000
0.000000
0.841672
0.182240
0.123912
0.000000
0.793577
0.373274
0.000000
0.820380
0.144662
0.000000
0.240478
0.180358
0.000000
0.000000
0.793577
0.000000
0.000000
0.000000
0.232934
0.000000
0.000000
0.000000
0.000000
0.000000
0.000000
0.000000
0.000000
0.106720
0.721433
0.000000
0.195818
0.901792
0.781553
0.480955
0.000000
0.000000
0.144500
0.000000
0.070717
0.046685
0.721433
0.000000
0.038061
0.937863
0.000000
0.090330
0.000000
0.060126
0.000000
0.271589
nERR-IA@10
0.237257
0.000000
0.000000
0.987837
0.240478
0.240478
0.116310
0.391629
0.464214
0.087611
0.992597
0.000000
0.433102
0.912062
0.069026
0.593512
0.240478
0.143285
0.000000
0.000000
0.549717
0.608823
0.244700
0.000000
0.529887
0.283431
0.841672
0.180358
0.909306
0.360717
0.511015
0.841672
0.017993
0.238474
0.000000
0.766523
0.072191
0.000000
0.366729
0.103062
0.950746
0.421005
0.295766
0.814111
0.033386
0.000000
0.000000
0.090179
0.213078
0.000000
0.000000
0.841672
0.182240
0.123912
0.000000
0.721433
0.373274
0.000000
0.792288
0.144662
0.000000
0.000000
0.180358
0.000000
0.000000
0.793577
0.000000
0.000000
0.000000
0.232934
0.000000
0.000000
0.000000
0.000000
0.000000
0.103062
0.000000
0.000000
0.123491
0.721433
0.000000
0.195818
0.841672
0.793577
0.480955
0.000000
0.000000
0.144500
0.000000
0.070717
0.046685
0.721433
0.000000
0.085638
0.937863
0.000000
0.161304
0.000000
0.060126
0.000000
0.262690
nERR-IA@10
0.222227
0.000000
0.000000
0.990092
0.721433
0.265599
0.116310
0.391629
0.464214
0.088969
0.990897
0.000000
0.433102
0.897784
0.069026
0.566848
0.450896
0.143285
0.000000
0.000000
0.542327
0.622275
0.244700
0.000000
0.529887
0.283431
0.841672
0.180358
0.897784
0.721433
0.511015
0.901792
0.092462
0.298593
0.000000
0.766523
0.072191
0.000000
0.823636
0.360717
0.964917
0.421005
0.295766
0.814111
0.033386
0.000000
0.000000
0.090179
0.213078
0.000000
0.000000
0.841672
0.182240
0.238973
0.000000
0.793577
0.373274
0.000000
0.820380
0.144662
0.000000
0.240478
0.180358
0.000000
0.000000
0.793577
0.000000
0.000000
0.000000
0.232934
0.000000
0.000000
0.666247
0.000000
0.000000
0.000000
0.000000
0.000000
0.106720
0.721433
0.000000
0.195818
0.901792
0.781553
0.480955
0.000000
0.000000
0.144500
0.000000
0.070717
0.046685
0.721433
0.721433
0.038061
0.937863
0.000000
0.090330
0.000000
0.060126
0.000000
0.298633
nERR-IA@10
0.218052
0.000000
0.000000
0.000000
0.721433
0.192382
0.058155
0.394141
0.464214
0.087611
0.990897
0.000000
0.433102
0.536566
0.069026
0.593512
0.877744
0.117287
0.000000
0.000000
0.542327
0.634300
0.241444
0.000000
0.518770
0.283431
0.859708
0.000000
0.900038
0.721433
0.511015
0.901792
0.092462
0.139134
0.000000
0.360717
0.072191
0.000000
0.807318
0.120239
0.964917
0.421005
0.295766
0.814111
0.033386
0.000000
0.000000
0.080159
0.059570
0.000000
0.000000
0.811612
0.182240
0.238973
0.000000
0.772964
0.373274
0.000000
0.728531
0.144662
0.000000
0.240478
0.144287
0.000000
0.000000
0.793577
0.000000
0.000000
0.000000
0.232934
0.000000
0.000000
0.666247
0.000000
0.000000
0.000000
0.000000
0.000000
0.106720
0.721433
0.000000
0.231889
0.901792
0.781553
0.480955
0.000000
0.000000
0.144500
0.000000
0.070717
0.046685
0.721433
0.721433
0.038061
0.937863
0.000000
0.090330
0.000000
0.060126
0.000000
0.275146
nERR-IA@10
0.222227
0.000000
0.000000
0.987462
0.180358
0.248422
0.116310
0.391629
0.154738
0.000000
0.956901
0.000000
0.433102
0.537693
0.069026
0.566848
0.877744
0.143285
0.000000
0.000000
0.542327
0.622275
0.244700
0.000000
0.518770
0.283431
0.841672
0.072143
0.897784
0.360717
0.511015
0.901792
0.092462
0.180358
0.000000
0.766523
0.072191
0.000000
0.807318
0.072143
0.964917
0.421005
0.295766
0.814111
0.033386
0.000000
0.000000
0.090179
0.059570
0.000000
0.000000
0.841672
0.182240
0.123912
0.000000
0.781553
0.373274
0.000000
0.820380
0.072331
0.000000
0.240478
0.180358
0.000000
0.000000
0.793577
0.000000
0.000000
0.000000
0.232934
0.000000
0.000000
0.000000
0.000000
0.000000
0.000000
0.000000
0.000000
0.106720
0.721433
0.000000
0.195818
0.901792
0.781553
0.480955
0.000000
0.000000
0.144500
0.000000
0.070717
0.046685
0.721433
0.721433
0.048936
0.937863
0.000000
0.090330
0.000000
0.060126
0.000000
0.270253
nERR-IA@10
0.222227
0.000000
0.000000
0.987837
0.000000
0.214712
0.058155
0.394141
0.464214
0.087611
0.990897
0.000000
0.433102
0.907535
0.069026
0.593512
0.240478
0.135269
0.000000
0.000000
0.538928
0.608823
0.244700
0.000000
0.518770
0.283431
0.841672
0.000000
0.909306
0.721433
0.480955
0.901792
0.017993
0.314553
0.000000
0.280557
0.072191
0.000000
0.366729
0.103062
0.961911
0.421005
0.273015
0.814111
0.033386
0.000000
0.000000
0.240478
0.216515
0.000000
0.000000
0.841672
0.182240
0.123912
0.000000
0.721433
0.373274
0.000000
0.792288
0.144662
0.000000
0.000000
0.180358
0.000000
0.000000
0.871732
0.000000
0.000000
0.000000
0.232934
0.000000
0.000000
0.000000
0.000000
0.000000
0.120239
0.000000
0.000000
0.123491
0.721433
0.000000
0.000000
0.841672
0.946881
0.000000
0.000000
0.000000
0.144500
0.000000
0.070717
0.046685
0.721433
0.000000
0.171276
0.937863
0.000000
0.161304
0.000000
0.060126
0.000000
0.254962
