nERR-IA@10
0.279221
0.221660
0.508439
0.972432
0.000000
0.243806
0.441976
0.383334
0.143685
0.168665
0.996694
0.000000
0.292930
0.972987
0.103539
0.562460
0.961589
0.180358
0.000000
0.058213
0.090179
0.687766
0.986200
0.072143
0.522476
0.173025
0.937863
0.103062
0.975429
0.901792
0.517027
0.984456
0.000000
0.180358
0.112539
0.896263
0.086629
0.000000
0.348693
0.080159
0.976440
0.386798
0.682537
0.295492
0.200316
0.000000
0.000000
0.000000
0.227884
0.080159
0.120239
0.943338
0.308290
0.197669
0.000000
0.000000
0.437430
0.466130
0.810986
0.000000
0.000000
0.356422
0.721433
0.276549
0.036080
0.832654
0.000000
0.090179
0.000000
0.178751
0.721433
0.000000
0.000000
0.052336
0.054739
0.103062
0.000000
0.000000
0.137212
0.816121
0.177356
0.837378
0.937863
0.946881
0.617560
0.000000
0.000000
0.224777
0.000000
0.350052
0.000000
0.772964
0.721433
0.000000
0.952893
0.766523
0.108397
0.000000
0.210443
0.000000
0.342832
nERR-IA@10
0.279221
0.221660
0.000000
0.972432
0.526045
0.228224
0.435745
0.383334
0.309476
0.168665
0.996694
0.000000
0.316226
0.972423
0.069026
0.561740
0.357210
0.180358
0.000000
0.058213
0.226951
0.691417
0.986200
0.180358
0.522476
0.188222
0.949136
0.000000
0.975429
0.919827
0.898034
0.984456
0.000000
0.240478
0.140673
0.899215
0.086629
0.000000
0.348693
0.360717
0.976941
0.386798
0.682537
0.289462
0.200316
0.000000
0.000000
0.000000
0.227884
0.103062
0.080159
0.972432
0.308290
0.197669
0.000000
0.946881
0.670726
0.466130
0.830243
0.289324
0.000000
0.275046
0.772964
0.721433
0.036080
0.832654
0.000000
0.000000
0.000000
0.178751
0.000000
0.000000
0.000000
0.078503
0.054739
0.781553
0.000000
0.000000
0.137212
0.816121
0.180363
0.837378
0.937863
0.946881
0.617560
0.000000
0.000000
0.249864
0.000000
0.350052
0.000000
0.772964
0.180358
0.000000
0.984456
0.772964
0.108397
0.000000
0.210443
0.000000
0.360991
nERR-IA@10
0.281559
0.221660
0.486967
0.969426
0.324573
0.210392
0.277597
0.383334
0.309476
0.168665
0.995191
0.000000
0.319608
0.977625
0.069026
0.589903
0.357210
0.180358
0.000000
0.048511
0.227380
0.685931
0.986200
0.090179
0.522476
0.172768
0.950746
0.090179
0.976905
0.919827
0.899644
0.979947
0.000000
0.180358
0.140673
0.899215
0.086629
0.000000
0.333162
0.180358
0.895780
0.386798
0.659786
0.289462
0.200316
0.000000
0.000000
0.000000
0.227884
0.120239
0.000000
0.972432
0.278648
0.197669
0.000000
0.901792
0.484089
0.466130
0.812328
0.361654
0.000000
0.000000
0.772964
0.721433
0.036080
0.832654
0.000000
0.103062
0.000000
0.178751
0.000000
0.000000
0.000000
0.157007
0.054739
0.772964
0.000000
0.000000
0.145787
0.901792
0.180363
0.837378
0.946881
0.971931
0.616892
0.000000
0.000000
0.225781
0.000000
0.350052
0.000000
0.721433
0.000000
0.000000
0.952893
0.195818
0.108397
0.000000
0.210443
0.000000
0.347442
nERR-IA@10
0.279221
0.221660
0.508439
0.972432
0.526045
0.235202
0.277597
0.383334
0.309476
0.174461
0.995191
0.000000
0.292930
0.972423
0.103539
0.561740
0.504860
0.180358
0.000000
0.058213
0.233464
0.687766
0.986200
0.240478
0.522476
0.168154
0.947883
0.090179
0.975429
0.927557
0.899644
0.984456
0.000000
0.240478
0.140673
0.899215
0.086629
0.000000
0.359715
0.360717
0.976941
0.386798
0.659786
0.289462
0.200316
0.000000
0.000000
0.000000
0.227884
0.103062
0.120239
0.972432
0.308290
0.322424
0.000000
0.946881
0.670726
0.466130
0.830243
0.361654
0.000000
0.275046
0.766523
0.721433
0.036080
0.832654
0.000000
0.000000
0.000000
0.178751
0.000000
0.000000
0.686436
0.078503
0.054739
0.793577
0.000000
0.000000
0.130351
0.793577
0.180363
0.837378
0.937863
0.946881
0.617560
0.000000
0.000000
0.224777
0.000000
0.350052
0.000000
0.772964
0.721433
0.000000
0.984456
0.772964
0.108397
0.480955
0.150316
0.000000
0.385855
nERR-IA@10
0.254506
0.221660
0.375746
0.000000
0.526045
0.218853
0.242311
0.383334
0.309476
0.168665
0.995191
0.000000
0.297439
0.972423
0.051769
0.589232
0.540198
0.180358
0.000000
0.048511
0.233464
0.696527
0.986200
0.240478
0.522476
0.187855
0.944734
0.000000
0.975429
0.927557
0.898034
0.984456
0.000000
0.130259
0.140673
0.868350
0.086629
0.000000
0.348693
0.144287
0.976941
0.386798
0.659786
0.289462
0.210332
0.000000
0.000000
0.000000
0.124378
0.090179
0.000000
0.950370
0.308290
0.322424
0.000000
0.901792
0.670726
0.466130
0.726443
0.361654
0.000000
0.326363
0.757505
0.721433
0.000000
0.828360
0.000000
0.000000
0.000000
0.178751
0.721433
0.000000
0.686436
0.052336
0.000000
0.841672
0.000000
0.000000
0.214393
0.793577
0.177356
0.837378
0.937863
0.946881
0.617560
0.000000
0.000000
0.225781
0.000000
0.350052
0.583567
0.761513
0.721433
0.000000
0.984456
0.312621
0.108397
0.080159
0.210443
0.000000
0.371152
nERR-IA@10
0.279221
0.221660
0.545584
0.972432
0.218434
0.243806
0.435745
0.383334
0.109606
0.000000
0.438872
0.000000
0.316226
0.972423
0.069026
0.562460
0.539321
0.180358
0.000000
0.058213
0.233464
0.687766
0.986200
0.000000
0.518770
0.188222
0.937577
0.000000
0.975429
0.919827
0.890626
0.984456
0.000000
0.080159
0.112539
0.899215
0.036095
0.000000
0.348693
0.000000
0.976941
0.386798
0.659786
0.289462
0.200316
0.000000
0.000000
0.000000
0.124263
0.090179
0.120239
0.972432
0.308290
0.197669
0.000000
0.877744
0.670726
0.466130
0.828991
0.231459
0.000000
0.275046
0.721433
0.766523
0.036080
0.832654
0.000000
0.000000
0.000000
0.178751
0.721433
0.000000
0.000000
0.078503
0.000000
0.280557
0.000000
0.000000
0.214393
0.816121
0.180363
0.837378
0.937863
0.946881
0.616892
0.000000
0.000000
0.225781
0.000000
0.350052
0.583567
0.772964
0.721433
0.000000
0.961911
0.772964
0.108397
0.000000
0.150316
0.000000
0.358354
nERR-IA@10
0.279221
0.221660
0.881752
0.969426
0.360717
0.243254
0.242311
0.383334
0.386845
0.168665
0.995191
0.040175
0.323741
0.917850
0.051769
0.589903
0.363454
0.054107
0.000000
0.291066
0.183364
0.685931
0.984205
0.090179
0.522476
0.168154
0.943124
0.000000
0.976905
0.901792
0.899644
0.979947
0.000000
0.400796
0.112539
0.966420
0.036095
0.000000
0.333162
0.240478
0.976440
0.386287
0.614284
0.289462
0.211445
0.000000
0.000000
0.144287
0.227756
0.120239
0.000000
0.972432
0.278648
0.197669
0.000000
0.811612
0.484089
0.466130
0.812328
0.361654
0.000000
0.000000
0.772964
0.721433
0.000000
0.856702
0.000000
0.103062
0.000000
0.178751
0.000000
0.000000
0.000000
0.157007
0.054739
0.772964
0.000000
0.000000
0.145787
0.781553
0.150302
0.841672
0.946881
0.912062
0.500995
0.000000
0.000000
0.225781
0.000000
0.350052
0.000000
0.721433
0.000000
0.110106
0.952893
0.231889
0.108397
0.000000
0.210443
0.000000
0.353523
