nERR-IA@10
0.000000
0.000000
0.000000
0.000000
0.000000
0.144287
0.000000
0.361680
0.000000
0.121717
0.000000
0.022319
0.000000
0.721433
0.000000
0.241702
0.000000
0.000000
0.000000
0.000000
0.000000
0.000000
0.000000
0.000000
0.000000
0.092280
0.000000
0.000000
0.000000
0.000000
0.000000
0.000000
0.000000
0.000000
0.000000
0.000000
0.000000
0.000000
0.721433
0.000000
0.000000
0.000000
0.000000
0.000000
0.000000
0.000000
0.000000
0.080159
0.000000
0.000000
0.000000
0.000000
0.000000
0.000000
0.000000
0.000000
0.000000
0.000000
0.000000
0.000000
0.000000
0.000000
0.000000
0.000000
0.000000
0.000000
0.000000
0.000000
0.000000
0.000000
0.000000
0.000000
0.000000
0.000000
0.000000
0.000000
0.000000
0.000000
0.000000
0.000000
0.000000
0.000000
0.000000
0.000000
0.000000
0.000000
0.000000
0.000000
0.000000
0.000000
0.000000
0.000000
0.000000
0.000000
0.000000
0.000000
0.000000
0.000000
0.000000
0.000000
0.025070
nERR-IA@10
0.000000
0.000000
0.000000
0.000000
0.000000
0.144287
0.000000
0.361680
0.000000
0.121717
0.000000
0.022319
0.000000
0.721433
0.000000
0.241702
0.000000
0.000000
0.000000
0.000000
0.204406
0.000000
0.000000
0.000000
0.000000
0.092280
0.000000
0.000000
0.000000
0.000000
0.000000
0.000000
0.000000
0.000000
0.000000
0.000000
0.000000
0.000000
0.721433
0.000000
0.000000
0.000000
0.000000
0.000000
0.000000
0.000000
0.000000
0.721433
0.000000
0.000000
0.000000
0.000000
0.000000
0.000000
0.000000
0.000000
0.000000
0.000000
0.601194
0.000000
0.000000
0.000000
0.000000
0.000000
0.000000
0.000000
0.000000
0.000000
0.000000
0.000000
0.000000
0.000000
0.000000
0.000000
0.000000
0.000000
0.000000
0.000000
0.000000
0.000000
0.000000
0.000000
0.000000
0.000000
0.000000
0.000000
0.000000
0.000000
0.000000
0.000000
0.000000
0.000000
0.000000
0.000000
0.000000
0.000000
0.000000
0.000000
0.000000
0.000000
0.039539
nERR-IA@10
0.000000
0.000000
0.000000
0.000000
0.000000
0.000000
0.000000
0.361680
0.000000
0.121717
0.000000
0.022319
0.000000
0.721433
0.000000
0.241702
0.000000
0.000000
0.000000
0.000000
0.204406
0.000000
0.000000
0.000000
0.000000
0.092280
0.000000
0.000000
0.000000
0.000000
0.000000
0.000000
0.000000
0.000000
0.000000
0.000000
0.000000
0.000000
0.721433
0.000000
0.000000
0.000000
0.000000
0.000000
0.000000
0.000000
0.000000
0.721433
0.000000
0.000000
0.000000
0.000000
0.000000
0.000000
0.000000
0.000000
0.000000
0.000000
0.085885
0.000000
0.000000
0.000000
0.000000
0.000000
0.000000
0.000000
0.000000
0.000000
0.000000
0.000000
0.000000
0.000000
0.000000
0.000000
0.000000
0.000000
0.000000
0.000000
0.000000
0.000000
0.000000
0.000000
0.000000
0.000000
0.000000
0.000000
0.000000
0.000000
0.000000
0.000000
0.000000
0.000000
0.000000
0.000000
0.000000
0.000000
0.000000
0.000000
0.000000
0.000000
0.032943
nERR-IA@10
0.000000
0.000000
0.000000
0.000000
0.000000
0.144287
0.000000
0.361680
0.000000
0.121717
0.000000
0.022319
0.000000
0.721433
0.000000
0.241702
0.000000
0.000000
0.000000
0.000000
0.116231
0.000000
0.000000
0.000000
0.000000
0.092280
0.000000
0.000000
0.000000
0.000000
0.000000
0.000000
0.000000
0.000000
0.000000
0.000000
0.000000
0.000000
0.721433
0.000000
0.000000
0.000000
0.000000
0.000000
0.000000
0.000000
0.000000
0.721433
0.000000
0.000000
0.000000
0.000000
0.000000
0.000000
0.000000
0.000000
0.000000
0.000000
0.601194
0.000000
0.000000
0.000000
0.000000
0.000000
0.000000
0.000000
0.000000
0.000000
0.000000
0.000000
0.000000
0.000000
0.242271
0.000000
0.000000
0.000000
0.000000
0.000000
0.000000
0.000000
0.000000
0.000000
0.000000
0.000000
0.000000
0.000000
0.000000
0.000000
0.000000
0.000000
0.000000
0.000000
0.000000
0.000000
0.000000
0.000000
0.000000
0.000000
0.000000
0.000000
0.041080
nERR-IA@10
0.000000
0.000000
0.000000
0.000000
0.000000
0.144287
0.000000
0.361680
0.000000
0.121717
0.000000
0.022319
0.000000
0.721433
0.000000
0.241702
0.000000
0.000000
0.000000
0.000000
0.116231
0.000000
0.000000
0.000000
0.000000
0.092280
0.000000
0.000000
0.000000
0.000000
0.000000
0.000000
0.000000
0.000000
0.000000
0.000000
0.000000
0.000000
0.721433
0.000000
0.000000
0.000000
0.000000
0.000000
0.000000
0.000000
0.000000
0.721433
0.000000
0.000000
0.000000
0.000000
0.000000
0.000000
0.000000
0.000000
0.000000
0.000000
0.120239
0.000000
0.000000
0.000000
0.000000
0.000000
0.000000
0.000000
0.000000
0.000000
0.000000
0.000000
0.000000
0.000000
0.242271
0.000000
0.000000
0.000000
0.000000
0.000000
0.000000
0.000000
0.000000
0.000000
0.000000
0.000000
0.000000
0.000000
0.000000
0.000000
0.000000
0.000000
0.000000
0.000000
0.000000
0.000000
0.000000
0.000000
0.000000
0.000000
0.000000
0.000000
0.036270
nERR-IA@10
0.000000
0.000000
0.000000
0.000000
0.000000
0.144287
0.000000
0.361680
0.000000
0.000000
0.000000
0.022319
0.000000
0.721433
0.000000
0.241702
0.000000
0.000000
0.000000
0.000000
0.116231
0.000000
0.000000
0.000000
0.000000
0.092280
0.000000
0.000000
0.000000
0.000000
0.000000
0.000000
0.000000
0.000000
0.000000
0.000000
0.000000
0.000000
0.721433
0.000000
0.000000
0.000000
0.000000
0.000000
0.000000
0.000000
0.000000
0.721433
0.000000
0.000000
0.000000
0.000000
0.000000
0.000000
0.000000
0.000000
0.000000
0.000000
0.601194
0.000000
0.000000
0.000000
0.000000
0.000000
0.000000
0.000000
0.000000
0.000000
0.000000
0.000000
0.000000
0.000000
0.000000
0.000000
0.000000
0.000000
0.000000
0.000000
0.000000
0.000000
0.000000
0.000000
0.000000
0.000000
0.000000
0.000000
0.000000
0.000000
0.000000
0.000000
0.000000
0.000000
0.000000
0.000000
0.000000
0.000000
0.000000
0.000000
0.000000
0.000000
0.037440
nERR-IA@10
0.000000
0.000000
0.000000
0.000000
0.000000
0.000000
0.000000
0.361680
0.000000
0.121717
0.000000
0.000000
0.000000
0.721433
0.000000
0.241702
0.000000
0.000000
0.000000
0.000000
0.204406
0.000000
0.000000
0.000000
0.000000
0.092280
0.000000
0.000000
0.000000
0.000000
0.000000
0.000000
0.000000
0.000000
0.000000
0.000000
0.000000
0.000000
0.721433
0.000000
0.000000
0.000000
0.000000
0.000000
0.000000
0.000000
0.000000
0.721433
0.000000
0.000000
0.000000
0.000000
0.000000
0.000000
0.000000
0.000000
0.000000
0.000000
0.100199
0.000000
0.000000
0.000000
0.000000
0.000000
0.000000
0.000000
0.000000
0.000000
0.000000
0.000000
0.000000
0.000000
0.000000
0.000000
0.000000
0.000000
0.000000
0.000000
0.000000
0.000000
0.000000
0.000000
0.000000
0.000000
0.000000
0.000000
0.000000
0.000000
0.000000
0.000000
0.000000
0.000000
0.000000
0.000000
0.000000
0.000000
0.000000
0.000000
0.000000
0.000000
0.032863
