nERR-IA@10
0.601194
0.000000
0.072143
0.000000
0.000000
0.000000
0.000000
0.361680
0.000000
0.542292
0.000000
0.000000
0.360723
0.420836
0.020708
0.362552
0.721433
0.000000
0.000000
0.000000
0.144287
0.745528
0.240478
0.000000
0.055583
0.287605
0.360717
0.721433
0.412248
0.000000
0.072143
0.103062
0.000000
0.103062
0.000000
0.080159
0.000000
0.000000
0.721433
0.000000
0.000000
0.421005
0.091005
0.241218
0.000000
0.000000
0.000000
0.000000
0.197957
0.000000
0.000000
0.000000
0.000000
0.000000
0.000000
0.000000
0.000000
0.000000
0.751493
0.000000
0.000000
0.000000
0.000000
0.000000
0.000000
0.000000
0.000000
0.000000
0.000000
0.042352
0.000000
0.000000
0.000000
0.000000
0.000000
0.000000
0.000000
0.000000
0.000000
0.000000
0.000000
0.103062
0.000000
0.000000
0.000000
0.000000
0.000000
0.000000
0.000000
0.000000
0.233427
0.000000
0.000000
0.000000
0.721433
0.000000
0.000000
0.000000
0.000000
0.080159
0.103944
nERR-IA@10
0.601194
0.000000
0.080159
0.000000
0.000000
0.000000
0.000000
0.361680
0.000000
0.542292
0.000000
0.000000
0.360723
0.420836
0.020708
0.362552
0.721433
0.000000
0.000000
0.000000
0.180358
0.745528
0.240478
0.000000
0.063523
0.287605
0.360717
0.360717
0.412248
0.000000
0.144287
0.103062
0.000000
0.103062
0.000000
0.072143
0.000000
0.000000
0.721433
0.000000
0.000000
0.421005
0.091005
0.241218
0.000000
0.000000
0.000000
0.360717
0.197957
0.000000
0.000000
0.000000
0.000000
0.000000
0.000000
0.000000
0.000000
0.000000
0.751493
0.000000
0.000000
0.000000
0.000000
0.000000
0.000000
0.000000
0.000000
0.000000
0.000000
0.042352
0.000000
0.000000
0.000000
0.000000
0.000000
0.000000
0.000000
0.000000
0.000000
0.000000
0.000000
0.103062
0.000000
0.000000
0.000000
0.000000
0.000000
0.000000
0.000000
0.000000
0.233427
0.000000
0.000000
0.000000
0.721433
0.000000
0.000000
0.000000
0.000000
0.080159
0.105106
nERR-IA@10
0.601194
0.000000
0.072143
0.000000
0.000000
0.000000
0.000000
0.361680
0.000000
0.542292
0.000000
0.000000
0.360723
0.072143
0.020708
0.352482
0.721433
0.000000
0.000000
0.000000
0.180358
0.745528
0.240478
0.000000
0.063523
0.287605
0.360717
0.721433
0.420836
0.000000
0.144287
0.120239
0.000000
0.090179
0.000000
0.090179
0.000000
0.000000
0.721433
0.000000
0.000000
0.421005
0.091005
0.241218
0.000000
0.000000
0.000000
0.721433
0.252945
0.000000
0.000000
0.000000
0.000000
0.000000
0.000000
0.000000
0.000000
0.000000
0.751493
0.000000
0.000000
0.000000
0.000000
0.000000
0.000000
0.000000
0.000000
0.000000
0.000000
0.042352
0.000000
0.000000
0.000000
0.000000
0.000000
0.240478
0.000000
0.000000
0.000000
0.000000
0.000000
0.103062
0.000000
0.000000
0.000000
0.000000
0.000000
0.000000
0.000000
0.000000
0.233427
0.000000
0.000000
0.034255
0.721433
0.000000
0.000000
0.000000
0.000000
0.103062
0.112488
nERR-IA@10
0.601194
0.000000
0.072143
0.000000
0.000000
0.000000
0.000000
0.361680
0.000000
0.542292
0.000000
0.000000
0.360723
0.420836
0.020708
0.362552
0.721433
0.000000
0.000000
0.000000
0.180358
0.745528
0.240478
0.000000
0.063523
0.287605
0.360717
0.721433
0.412248
0.000000
0.144287
0.103062
0.000000
0.090179
0.000000
0.080159
0.000000
0.000000
0.721433
0.000000
0.000000
0.421005
0.091005
0.241218
0.000000
0.000000
0.000000
0.721433
0.197957
0.000000
0.000000
0.000000
0.000000
0.000000
0.000000
0.000000
0.000000
0.000000
0.751493
0.000000
0.000000
0.000000
0.000000
0.000000
0.000000
0.000000
0.000000
0.000000
0.000000
0.042352
0.000000
0.000000
0.484543
0.000000
0.000000
0.103062
0.000000
0.000000
0.000000
0.000000
0.000000
0.103062
0.000000
0.000000
0.000000
0.000000
0.000000
0.000000
0.000000
0.000000
0.233427
0.000000
0.000000
0.000000
0.721433
0.000000
0.000000
0.000000
0.000000
0.080159
0.118067
nERR-IA@10
0.601194
0.000000
0.080159
0.000000
0.000000
0.000000
0.000000
0.361680
0.000000
0.542292
0.000000
0.000000
0.360723
0.412248
0.023009
0.352482
0.721433
0.000000
0.000000
0.000000
0.180358
0.673380
0.240478
0.000000
0.055583
0.287605
0.360717
0.000000
0.412248
0.000000
0.144287
0.103062
0.000000
0.072143
0.000000
0.000000
0.000000
0.000000
0.721433
0.000000
0.000000
0.421005
0.091005
0.241218
0.000000
0.000000
0.000000
0.721433
0.219952
0.000000
0.000000
0.000000
0.000000
0.000000
0.000000
0.000000
0.000000
0.000000
0.751493
0.000000
0.000000
0.000000
0.000000
0.000000
0.000000
0.000000
0.000000
0.000000
0.000000
0.042352
0.000000
0.000000
0.484543
0.000000
0.000000
0.103062
0.000000
0.000000
0.000000
0.000000
0.000000
0.180358
0.000000
0.000000
0.000000
0.000000
0.000000
0.000000
0.000000
0.000000
0.233427
0.000000
0.000000
0.000000
0.721433
0.000000
0.000000
0.000000
0.000000
0.072143
0.109899
nERR-IA@10
0.601194
0.000000
0.072143
0.000000
0.000000
0.000000
0.000000
0.361680
0.000000
0.000000
0.000000
0.000000
0.360723
0.412248
0.020708
0.362552
0.721433
0.000000
0.000000
0.000000
0.180358
0.745528
0.240478
0.000000
0.055583
0.287605
0.360717
0.721433
0.412248
0.000000
0.144287
0.103062
0.000000
0.000000
0.000000
0.080159
0.000000
0.000000
0.721433
0.000000
0.000000
0.421005
0.091005
0.241218
0.000000
0.000000
0.000000
0.360717
0.219952
0.000000
0.000000
0.000000
0.000000
0.000000
0.000000
0.000000
0.000000
0.000000
0.751493
0.000000
0.000000
0.000000
0.000000
0.000000
0.000000
0.000000
0.000000
0.000000
0.000000
0.042352
0.000000
0.000000
0.000000
0.000000
0.000000
0.120239
0.000000
0.000000
0.000000
0.000000
0.000000
0.103062
0.000000
0.000000
0.000000
0.000000
0.000000
0.000000
0.000000
0.000000
0.233427
0.000000
0.000000
0.000000
0.721433
0.000000
0.000000
0.000000
0.000000
0.103062
0.103745
nERR-IA@10
0.601194
0.000000
0.080159
0.000000
0.000000
0.000000
0.000000
0.361680
0.000000
0.542292
0.000000
0.000000
0.360723
0.120239
0.023009
0.352482
0.721433
0.000000
0.000000
0.000000
0.144287
0.745528
0.240478
0.000000
0.063523
0.287605
0.360717
0.240478
0.420836
0.000000
0.120239
0.360717
0.000000
0.120239
0.000000
0.120239
0.000000
0.000000
0.721433
0.000000
0.000000
0.421005
0.091005
0.241218
0.000000
0.000000
0.000000
0.721433
0.252945
0.000000
0.000000
0.000000
0.000000
0.000000
0.000000
0.000000
0.000000
0.000000
0.751493
0.000000
0.000000
0.000000
0.000000
0.000000
0.000000
0.000000
0.000000
0.000000
0.000000
0.042352
0.000000
0.000000
0.000000
0.000000
0.000000
0.360717
0.000000
0.000000
0.000000
0.000000
0.000000
0.080159
0.000000
0.000000
0.000000
0.000000
0.000000
0.000000
0.000000
0.000000
0.233427
0.000000
0.000000
0.000000
0.721433
0.000000
0.000000
0.000000
0.000000
0.180358
0.112071
