nERR-IA@10
0.200398
0.000000
0.000000
0.366729
0.000000
0.034354
0.116310
0.391820
0.092843
0.277244
0.772964
0.057393
0.565508
0.360717
0.207078
0.380464
0.517027
0.144287
0.180358
0.000000
0.090179
0.204419
0.090179
0.000000
0.000000
0.176870
0.412248
0.761513
0.480955
0.000000
0.757505
0.721433
0.000000
0.425846
0.000000
0.072143
0.000000
0.000000
0.901792
0.180358
0.721433
0.421005
0.182010
0.144731
0.000000
0.000000
0.000000
0.000000
0.183293
0.000000
0.000000
0.000000
0.000000
0.000000
0.000000
0.721433
0.000000
0.000000
0.751493
0.000000
0.000000
0.000000
0.000000
0.000000
0.000000
0.072143
0.000000
0.080159
0.000000
0.000000
0.000000
0.000000
0.000000
0.000000
0.000000
0.000000
0.000000
0.000000
0.000000
0.000000
0.000000
0.000000
0.721433
0.901792
0.000000
0.000000
0.000000
0.028900
0.000000
0.000000
0.046685
0.721433
0.144287
0.000000
0.901792
0.000000
0.270991
0.000000
0.065853
0.240478
0.172623
nERR-IA@10
0.200398
0.000000
0.000000
0.366729
0.000000
0.034354
0.116310
0.391820
0.154738
0.277244
0.772964
0.066958
0.567387
0.276549
0.207078
0.380464
0.366729
0.120239
0.240478
0.000000
0.300597
0.204419
0.080159
0.000000
0.000000
0.172256
0.450896
0.360717
0.480955
0.000000
0.811612
0.721433
0.000000
0.425846
0.000000
0.000000
0.000000
0.000000
0.901792
0.072143
0.721433
0.421005
0.182010
0.144731
0.000000
0.000000
0.000000
0.120239
0.183293
0.000000
0.000000
0.000000
0.000000
0.000000
0.000000
0.721433
0.000000
0.000000
0.751493
0.048221
0.000000
0.000000
0.000000
0.000000
0.000000
0.080159
0.000000
0.000000
0.000000
0.000000
0.000000
0.000000
0.000000
0.000000
0.000000
0.000000
0.000000
0.000000
0.000000
0.000000
0.000000
0.000000
0.721433
0.901792
0.000000
0.000000
0.000000
0.028900
0.000000
0.000000
0.046685
0.721433
0.000000
0.000000
0.901792
0.000000
0.270991
0.000000
0.073870
0.240478
0.168047
nERR-IA@10
0.200398
0.000000
0.000000
0.937863
0.000000
0.034354
0.116310
0.391820
0.154738
0.278210
0.772964
0.066958
0.567387
0.757505
0.207078
0.360245
0.366729
0.120239
0.180358
0.000000
0.292009
0.115437
0.080159
0.000000
0.000000
0.169180
0.450896
0.405806
0.480955
0.000000
0.793577
0.721433
0.000000
0.443381
0.000000
0.072143
0.000000
0.000000
0.841672
0.080159
0.721433
0.421005
0.182010
0.144731
0.000000
0.000000
0.000000
0.144287
0.183293
0.000000
0.000000
0.000000
0.000000
0.000000
0.000000
0.721433
0.000000
0.000000
0.751493
0.048221
0.000000
0.180358
0.000000
0.000000
0.000000
0.080159
0.000000
0.103062
0.000000
0.000000
0.000000
0.000000
0.000000
0.000000
0.000000
0.000000
0.000000
0.000000
0.027442
0.000000
0.000000
0.000000
0.721433
0.901792
0.000000
0.000000
0.000000
0.028900
0.000000
0.000000
0.046685
0.721433
0.000000
0.000000
0.901792
0.000000
0.270991
0.000000
0.073870
0.360717
0.181965
nERR-IA@10
0.150299
0.000000
0.000000
0.366729
0.000000
0.034354
0.116310
0.391820
0.154738
0.278210
0.772964
0.066958
0.567387
0.400796
0.207078
0.380464
0.366729
0.120239
0.360717
0.000000
0.240478
0.204419
0.080159
0.000000
0.000000
0.172256
0.412248
0.405806
0.480955
0.000000
0.793577
0.721433
0.000000
0.443381
0.000000
0.000000
0.000000
0.000000
0.901792
0.072143
0.721433
0.421005
0.182010
0.144731
0.000000
0.000000
0.000000
0.144287
0.183293
0.000000
0.000000
0.000000
0.000000
0.000000
0.000000
0.781553
0.000000
0.000000
0.751493
0.048221
0.000000
0.000000
0.000000
0.000000
0.000000
0.080159
0.000000
0.000000
0.000000
0.000000
0.000000
0.000000
0.484543
0.000000
0.000000
0.000000
0.000000
0.000000
0.000000
0.000000
0.000000
0.000000
0.721433
0.901792
0.000000
0.000000
0.000000
0.028900
0.000000
0.000000
0.046685
0.721433
0.721433
0.000000
0.901792
0.000000
0.270991
0.000000
0.073870
0.240478
0.182360
nERR-IA@10
0.120239
0.000000
0.000000
0.000000
0.000000
0.034354
0.077540
0.391820
0.154738
0.278210
0.772964
0.080350
0.565508
0.276549
0.207078
0.366869
0.486967
0.144287
0.000000
0.000000
0.240478
0.148304
0.090179
0.000000
0.000000
0.169180
0.450896
0.000000
0.480955
0.000000
0.793577
0.721433
0.000000
0.326363
0.000000
0.000000
0.000000
0.000000
0.901792
0.144287
0.721433
0.421005
0.182010
0.180913
0.000000
0.000000
0.000000
0.144287
0.181460
0.000000
0.000000
0.000000
0.000000
0.000000
0.000000
0.761513
0.000000
0.000000
0.751493
0.048221
0.000000
0.000000
0.000000
0.000000
0.000000
0.080159
0.000000
0.000000
0.000000
0.000000
0.000000
0.000000
0.484543
0.000000
0.000000
0.000000
0.000000
0.000000
0.000000
0.000000
0.000000
0.000000
0.721433
0.901792
0.000000
0.000000
0.000000
0.028900
0.000000
0.000000
0.046685
0.721433
0.721433
0.000000
0.901792
0.000000
0.270991
0.000000
0.065853
0.240478
0.170027
nERR-IA@10
0.200398
0.000000
0.000000
0.366729
0.000000
0.025765
0.116310
0.391820
0.092843
0.000000
0.721433
0.066958
0.567387
0.285567
0.207078
0.380464
0.486967
0.144287
0.090179
0.000000
0.240478
0.204419
0.080159
0.000000
0.000000
0.169180
0.412248
0.360717
0.480955
0.000000
0.793577
0.721433
0.000000
0.721433
0.000000
0.000000
0.000000
0.000000
0.901792
0.000000
0.721433
0.421005
0.182010
0.180913
0.000000
0.000000
0.000000
0.180358
0.153966
0.000000
0.000000
0.000000
0.000000
0.000000
0.000000
0.781553
0.000000
0.000000
0.751493
0.000000
0.000000
0.000000
0.000000
0.000000
0.000000
0.080159
0.000000
0.000000
0.000000
0.000000
0.000000
0.000000
0.000000
0.000000
0.000000
0.000000
0.000000
0.000000
0.000000
0.000000
0.000000
0.000000
0.721433
0.901792
0.000000
0.000000
0.000000
0.028900
0.000000
0.000000
0.046685
0.721433
0.721433
0.000000
0.901792
0.000000
0.270991
0.000000
0.073870
0.240478
0.173123
nERR-IA@10
0.200398
0.000000
0.072143
0.937863
0.000000
0.034354
0.077540
0.391820
0.464214
0.278210
0.772964
0.000000
0.567387
0.793577
0.207078
0.357223
0.366729
0.180358
0.180358
0.000000
0.080159
0.115437
0.080159
0.000000
0.000000
0.169180
0.450896
0.080159
0.480955
0.000000
0.766523
0.721433
0.000000
0.443381
0.000000
0.180358
0.000000
0.000000
0.841672
0.090179
0.721433
0.421005
0.192122
0.144731
0.000000
0.000000
0.000000
0.721433
0.109976
0.000000
0.000000
0.000000
0.000000
0.000000
0.000000
0.721433
0.000000
0.000000
0.751493
0.048221
0.000000
0.180358
0.000000
0.000000
0.000000
0.120239
0.000000
0.103062
0.000000
0.000000
0.000000
0.000000
0.000000
0.000000
0.000000
0.000000
0.000000
0.000000
0.027442
0.000000
0.000000
0.000000
0.721433
0.901792
0.000000
0.000000
0.000000
0.028900
0.000000
0.000000
0.058357
0.721433
0.000000
0.000000
0.901792
0.000000
0.270991
0.000000
0.065853
0.240478
0.185567
