nERR-IA@10
0.601194
0.000000
0.240478
0.000000
0.000000
0.000000
0.000000
0.361680
0.000000
0.177504
0.000000
0.000000
0.075151
0.000000
0.034513
0.362552
0.080159
0.000000
0.000000
0.000000
0.000000
0.000000
0.000000
0.000000
0.000000
0.307599
0.000000
0.180358
0.000000
0.000000
0.000000
0.000000
0.000000
0.000000
0.000000
0.180358
0.000000
0.000000
0.360717
0.000000
0.000000
0.000000
0.000000
0.000000
0.000000
0.000000
0.000000
0.000000
0.131971
0.000000
0.000000
0.000000
0.000000
0.000000
0.000000
0.000000
0.000000
0.000000
0.751493
0.000000
0.000000
0.000000
0.000000
0.000000
0.000000
0.000000
0.000000
0.000000
0.000000
0.000000
0.000000
0.000000
0.000000
0.000000
0.000000
0.000000
0.000000
0.000000
0.000000
0.000000
0.036073
0.180358
0.000000
0.000000
0.000000
0.000000
0.000000
0.000000
0.000000
0.000000
0.000000
0.000000
0.000000
0.000000
0.000000
0.000000
0.000000
0.000000
0.000000
0.000000
0.040622
nERR-IA@10
0.601194
0.000000
0.240478
0.000000
0.000000
0.000000
0.000000
0.361680
0.000000
0.177504
0.000000
0.000000
0.075151
0.000000
0.034513
0.362552
0.120239
0.000000
0.000000
0.000000
0.103062
0.000000
0.000000
0.000000
0.000000
0.307599
0.000000
0.103062
0.000000
0.000000
0.000000
0.000000
0.000000
0.000000
0.000000
0.180358
0.000000
0.000000
0.360717
0.000000
0.000000
0.000000
0.000000
0.000000
0.000000
0.000000
0.000000
0.721433
0.131971
0.000000
0.000000
0.000000
0.000000
0.000000
0.000000
0.000000
0.000000
0.000000
0.751493
0.000000
0.000000
0.000000
0.000000
0.000000
0.000000
0.000000
0.000000
0.000000
0.000000
0.000000
0.000000
0.000000
0.000000
0.000000
0.000000
0.000000
0.000000
0.000000
0.000000
0.000000
0.036073
0.180358
0.000000
0.000000
0.000000
0.000000
0.000000
0.000000
0.000000
0.000000
0.000000
0.000000
0.000000
0.000000
0.000000
0.000000
0.000000
0.000000
0.000000
0.000000
0.048494
nERR-IA@10
0.601194
0.000000
0.240478
0.000000
0.000000
0.000000
0.000000
0.361680
0.000000
0.177504
0.000000
0.000000
0.075151
0.000000
0.034513
0.277957
0.120239
0.000000
0.000000
0.000000
0.103062
0.000000
0.000000
0.000000
0.000000
0.307599
0.000000
0.180358
0.000000
0.000000
0.000000
0.000000
0.000000
0.000000
0.000000
0.180358
0.000000
0.000000
0.360717
0.000000
0.000000
0.000000
0.000000
0.000000
0.000000
0.000000
0.000000
0.721433
0.164964
0.000000
0.000000
0.000000
0.000000
0.000000
0.000000
0.000000
0.000000
0.000000
0.751493
0.000000
0.000000
0.000000
0.000000
0.000000
0.000000
0.000000
0.000000
0.000000
0.000000
0.000000
0.000000
0.000000
0.000000
0.000000
0.000000
0.000000
0.000000
0.000000
0.000000
0.000000
0.036073
0.180358
0.000000
0.000000
0.000000
0.000000
0.000000
0.000000
0.000000
0.000000
0.000000
0.000000
0.000000
0.171276
0.000000
0.000000
0.000000
0.000000
0.000000
0.000000
0.050464
nERR-IA@10
0.601194
0.000000
0.240478
0.000000
0.000000
0.000000
0.000000
0.361680
0.000000
0.177504
0.000000
0.000000
0.075151
0.000000
0.034513
0.362552
0.120239
0.000000
0.000000
0.000000
0.000000
0.000000
0.000000
0.000000
0.000000
0.307599
0.000000
0.180358
0.000000
0.000000
0.000000
0.000000
0.000000
0.000000
0.000000
0.180358
0.000000
0.000000
0.360717
0.000000
0.000000
0.000000
0.000000
0.000000
0.000000
0.000000
0.000000
0.721433
0.131971
0.000000
0.000000
0.000000
0.000000
0.000000
0.000000
0.000000
0.000000
0.000000
0.751493
0.000000
0.000000
0.000000
0.000000
0.000000
0.000000
0.000000
0.000000
0.000000
0.000000
0.000000
0.000000
0.000000
0.096909
0.000000
0.000000
0.000000
0.000000
0.000000
0.000000
0.000000
0.036073
0.180358
0.000000
0.000000
0.000000
0.000000
0.000000
0.000000
0.000000
0.000000
0.000000
0.000000
0.000000
0.000000
0.000000
0.000000
0.000000
0.000000
0.000000
0.000000
0.049206
nERR-IA@10
0.601194
0.000000
0.240478
0.000000
0.000000
0.000000
0.000000
0.361680
0.000000
0.177504
0.000000
0.000000
0.075151
0.000000
0.034513
0.241702
0.080159
0.000000
0.000000
0.000000
0.000000
0.000000
0.000000
0.000000
0.000000
0.307599
0.000000
0.000000
0.000000
0.000000
0.000000
0.000000
0.000000
0.000000
0.000000
0.180358
0.000000
0.000000
0.360717
0.000000
0.000000
0.000000
0.000000
0.000000
0.000000
0.000000
0.000000
0.721433
0.082482
0.000000
0.000000
0.000000
0.000000
0.000000
0.000000
0.000000
0.000000
0.000000
0.751493
0.000000
0.000000
0.000000
0.000000
0.000000
0.000000
0.000000
0.000000
0.000000
0.000000
0.000000
0.000000
0.000000
0.096909
0.000000
0.000000
0.000000
0.000000
0.000000
0.000000
0.000000
0.036073
0.180358
0.000000
0.000000
0.000000
0.000000
0.000000
0.000000
0.000000
0.000000
0.000000
0.000000
0.000000
0.000000
0.000000
0.000000
0.000000
0.000000
0.000000
0.000000
0.045298
nERR-IA@10
0.601194
0.000000
0.240478
0.000000
0.000000
0.000000
0.000000
0.361680
0.000000
0.000000
0.000000
0.000000
0.075151
0.000000
0.034513
0.362552
0.080159
0.000000
0.000000
0.000000
0.000000
0.000000
0.000000
0.000000
0.000000
0.307599
0.000000
0.240478
0.000000
0.000000
0.000000
0.000000
0.000000
0.000000
0.000000
0.180358
0.000000
0.000000
0.360717
0.000000
0.000000
0.000000
0.000000
0.000000
0.000000
0.000000
0.000000
0.360717
0.082482
0.000000
0.000000
0.000000
0.000000
0.000000
0.000000
0.000000
0.000000
0.000000
0.751493
0.000000
0.000000
0.000000
0.000000
0.000000
0.000000
0.000000
0.000000
0.000000
0.000000
0.000000
0.000000
0.000000
0.000000
0.000000
0.000000
0.000000
0.000000
0.000000
0.000000
0.000000
0.036073
0.180358
0.000000
0.000000
0.000000
0.000000
0.000000
0.000000
0.000000
0.000000
0.000000
0.000000
0.000000
0.000000
0.000000
0.000000
0.000000
0.000000
0.000000
0.000000
0.042560
nERR-IA@10
0.601194
0.000000
0.240478
0.000000
0.000000
0.000000
0.000000
0.361680
0.000000
0.177504
0.000000
0.000000
0.075151
0.000000
0.034513
0.277957
0.144287
0.000000
0.000000
0.000000
0.103062
0.000000
0.000000
0.000000
0.000000
0.307599
0.000000
0.080159
0.000000
0.000000
0.000000
0.000000
0.000000
0.000000
0.000000
0.180358
0.000000
0.000000
0.360717
0.000000
0.000000
0.000000
0.000000
0.000000
0.000000
0.000000
0.000000
0.360717
0.329928
0.000000
0.000000
0.000000
0.000000
0.000000
0.000000
0.000000
0.000000
0.000000
0.751493
0.000000
0.000000
0.000000
0.000000
0.000000
0.000000
0.000000
0.000000
0.000000
0.000000
0.000000
0.000000
0.000000
0.000000
0.000000
0.000000
0.000000
0.000000
0.000000
0.000000
0.000000
0.036073
0.080159
0.000000
0.000000
0.000000
0.000000
0.000000
0.000000
0.000000
0.000000
0.000000
0.000000
0.000000
0.017128
0.000000
0.000000
0.000000
0.000000
0.000000
0.000000
0.045202
