1	0.2708
10	0.4280
11	0.0621
12	0.3716
13	0.6458
14	0.0250
15	0.1354
16	0.1468
17	0.0787
18	0.7000
19	0.4071
2	0.4500
20	0.5868
21	0.5222
22	0.6311
23	0.3333
24	0.8167
25	0.6823
26	0.0169
27	0.5805
28	0.8304
29	0.0208
3	0.6291
30	0.2939
31	0.2539
32	1.0000
33	0.3581
34	0.1563
35	0.2469
4	0.5169
5	0.7000
6	0.1389
7	0.1649
8	1.0000
9	0.0819
all	0.4081
1	0.2398
10	0.4085
11	0.0569
12	0.4534
13	0.5920
14	0.0078
15	0.1544
16	0.1098
17	0.0787
18	0.7101
19	0.3850
2	0.7500
20	0.4289
21	0.5533
22	0.5135
23	1.0000
24	0.8086
25	0.6823
26	0.0179
27	0.6198
28	0.3730
29	0.3333
3	0.6659
30	0.3167
31	0.1569
32	0.8333
33	0.3727
34	0.2003
35	0.2677
4	0.1432
5	0.6000
6	0.1389
7	0.1736
8	1.0000
9	0.0749
all	0.4063
1	0.1431
10	0.1899
11	0.0608
12	0.4569
13	0.5748
14	0.0078
15	0.2356
16	0.1145
17	0.0855
18	0.7222
19	0.4389
2	0.6111
20	0.0821
21	0.5676
22	0.4611
23	1.0000
24	0.9086
25	0.6823
26	0.0185
27	0.5488
28	0.4310
29	0.0200
3	0.6833
30	0.3167
31	0.1628
32	0.6000
33	0.3507
34	0.1543
35	0.3817
4	0.1432
5	0.3063
6	0.1500
7	0.2415
8	0.0588
9	0.0813
all	0.3426
1	0.2677
10	0.4063
11	0.0565
12	0.4571
13	0.5698
14	0.0078
15	0.1462
16	0.0979
17	0.0825
18	0.7101
19	0.3850
2	0.3333
20	0.4289
21	0.5533
22	0.5135
23	1.0000
24	0.8167
25	0.6823
26	0.0172
27	0.6232
28	0.3554
29	0.3333
3	0.6659
30	0.2939
31	0.1493
32	0.8333
33	0.3904
34	0.2033
35	0.2677
4	0.5182
5	0.5119
6	0.1389
7	0.1670
8	1.0000
9	0.0713
all	0.4016
1	0.2162
10	0.3796
11	0.0560
12	0.4301
13	0.6223
14	0.0238
15	0.1397
16	0.0989
17	0.1010
18	0.7121
19	0.3850
2	0.3095
20	0.5889
21	0.6087
22	0.4102
23	1.0000
24	0.9052
25	0.6823
26	0.0175
27	0.5738
28	0.2100
29	0.0263
3	0.6244
30	0.3167
31	0.1853
32	1.0000
33	0.3453
34	0.2551
35	0.2677
4	0.2679
5	0.6806
6	0.1500
7	0.1726
8	1.0000
9	0.1111
all	0.3964
1	0.2233
10	0.2000
11	0.0569
12	0.4301
13	0.6496
14	0.0294
15	0.1668
16	0.1098
17	0.0825
18	0.7024
19	0.3850
2	1.0000
20	0.7101
21	0.5442
22	0.4599
23	1.0000
24	0.8491
25	0.6823
26	0.0175
27	0.5795
28	0.1869
29	0.0263
3	0.6583
30	0.2939
31	0.1569
32	1.0000
33	0.3371
34	0.1824
35	0.2735
4	0.5164
5	0.5500
6	0.1500
7	0.1883
8	1.0000
9	0.0883
all	0.4139
1	0.1428
10	0.1880
11	0.0608
12	0.5806
13	0.4029
14	0.0079
15	0.1657
16	0.1020
17	0.0855
18	0.7193
19	0.5445
2	0.6429
20	0.0469
21	0.7311
22	0.2822
23	1.0000
24	0.9242
25	0.6845
26	0.0217
27	0.4461
28	0.5159
29	0.0278
3	0.4957
30	0.4152
31	0.1396
32	0.7000
33	0.3584
34	0.0959
35	0.3582
4	0.1852
5	0.4111
6	0.0839
7	0.3399
8	0.0625
9	0.0812
all	0.3443
