1	0.3933
10	0.5203
11	0.5229
12	0.2879
13	0.1907
14	0.0855
15	0.1424
16	0.0890
17	0.2166
18	0.1285
19	0.4792
2	0.0388
20	0.8333
21	0.3842
22	0.4929
23	0.1126
24	0.1145
25	0.3694
26	0.3967
27	0.3562
28	0.8038
29	0.3032
3	0.1918
30	0.2710
31	0.6667
32	0.3889
33	0.0769
36	0.4607
37	0.1639
38	0.1773
39	0.2776
4	0.1044
40	0.3340
42	0.0713
43	0.2023
44	0.0508
45	0.4163
48	0.0145
49	0.3080
5	0.0663
57	1.0000
58	0.1137
59	0.2508
6	0.5956
60	0.1860
61	0.3412
62	0.0607
63	0.5450
64	0.0769
7	0.3691
8	0.3056
9	0.1198
all	0.2975
1	0.2449
10	0.5328
11	0.5229
12	0.4712
13	0.2543
14	0.0703
15	0.1062
16	0.1193
17	0.2114
18	0.1595
19	0.4792
2	0.0409
20	0.9167
21	0.2933
22	0.5225
23	0.3889
24	0.0963
25	0.3717
26	0.4337
27	0.2420
28	0.8025
29	0.3828
3	0.1957
30	0.3973
31	0.2917
32	0.3889
33	0.0714
36	0.4608
37	0.1564
38	0.1466
39	0.2816
4	0.1086
40	0.3238
42	0.1065
43	0.2086
44	0.1604
45	0.3706
48	0.0156
49	0.3620
5	0.1000
57	1.0000
58	0.1916
59	0.2642
6	0.5081
60	0.1793
61	0.3597
62	0.0551
63	0.5754
64	0.0526
7	0.3823
8	0.3556
9	0.1282
all	0.3050
1	0.2279
10	0.3677
11	0.3807
12	0.4979
13	0.2745
14	0.0326
15	0.1558
16	0.1315
17	0.1903
18	0.1639
19	0.5476
2	0.0865
20	0.9167
21	0.2997
22	0.5082
23	0.8056
24	0.0905
25	0.2707
26	0.1437
27	0.2285
28	0.8025
29	0.3045
3	0.0202
30	0.3522
31	0.2667
32	0.5556
33	0.0357
36	0.4187
37	0.1847
38	0.1258
39	0.2307
4	0.1247
40	0.4197
42	0.0914
43	0.1535
44	0.1628
45	0.2979
48	0.0245
49	0.2614
5	0.1687
57	1.0000
58	0.1727
59	0.2063
6	0.4641
60	0.1743
61	0.2864
62	0.0475
63	0.5015
64	0.1111
7	0.2542
8	0.5024
9	0.1290
all	0.2918
1	0.2668
10	0.5203
11	0.4582
12	0.4704
13	0.1425
14	0.0792
15	0.1194
16	0.1150
17	0.2084
18	0.1612
19	0.4792
2	0.0409
20	0.8095
21	0.2307
22	0.5176
23	0.1111
24	0.0995
25	0.3684
26	0.4432
27	0.2433
28	0.8025
29	0.3697
3	0.1998
30	0.1868
31	0.5000
32	0.3889
33	0.0714
36	0.4373
37	0.1450
38	0.1557
39	0.2806
4	0.1045
40	0.3044
42	0.0784
43	0.2029
44	0.1611
45	0.3508
48	0.0141
49	0.3577
5	0.0905
57	1.0000
58	0.1985
59	0.2593
6	0.5909
60	0.1781
61	0.3504
62	0.0609
63	0.4805
64	0.0500
7	0.3423
8	0.3556
9	0.1282
all	0.2900
1	0.1867
10	0.5458
11	0.4581
12	0.3420
13	0.1211
14	0.0946
15	0.1329
16	0.1269
17	0.2043
18	0.0998
19	0.4792
2	0.0387
20	0.7292
21	0.3854
22	0.4743
23	0.2986
24	0.0994
25	0.3507
26	0.4385
27	0.2602
28	0.7623
29	0.2879
3	0.0268
30	0.2023
31	0.3750
32	0.3889
33	0.0400
36	0.4373
37	0.1733
38	0.1790
39	0.2011
4	0.1052
40	0.2897
42	0.0778
43	0.2131
44	0.2036
45	0.3682
48	0.0116
49	0.3374
5	0.0977
57	1.0000
58	0.1369
59	0.2569
6	0.6270
60	0.1871
61	0.3510
62	0.0609
63	0.5933
64	0.0062
7	0.3122
8	0.3556
9	0.1212
all	0.2818
1	0.1646
10	0.5203
11	0.4582
12	0.4753
13	0.2118
14	0.0704
15	0.1060
16	0.1063
17	0.2112
18	0.1507
19	0.4792
2	0.0388
20	0.7067
21	0.2891
22	0.4999
23	0.3860
24	0.0999
25	0.3702
26	0.1365
27	0.2534
28	0.8024
29	0.4549
3	0.0246
30	0.2029
31	0.3333
32	0.3889
33	0.0417
36	0.4614
37	0.1526
38	0.1666
39	0.2496
4	0.1090
40	0.2560
42	0.0822
43	0.2030
44	0.1723
45	0.3505
48	0.0142
49	0.3452
5	0.1022
57	1.0000
58	0.1521
59	0.2353
6	0.5909
60	0.1610
61	0.3602
62	0.0551
63	0.5450
64	0.0455
7	0.3208
8	0.3556
9	0.1230
all	0.2806
1	0.2048
10	0.3735
11	0.3866
12	0.4557
13	0.3346
14	0.0577
15	0.0814
16	0.0974
17	0.1949
18	0.1040
19	0.4849
2	0.0597
20	0.9167
21	0.2309
22	0.4976
23	0.7812
24	0.0905
25	0.2245
26	0.1176
27	0.2423
28	0.7607
29	0.1884
3	0.0263
30	0.1214
31	0.3088
32	0.3000
33	0.0500
36	0.4173
37	0.1870
38	0.1289
39	0.2501
4	0.0589
40	0.3531
42	0.0881
43	0.1485
44	0.1670
45	0.2702
48	0.0309
49	0.1264
5	0.1349
57	1.0000
58	0.1530
59	0.1839
6	0.2727
60	0.1467
61	0.3013
62	0.0527
63	0.5386
64	0.0625
7	0.2934
8	0.5141
9	0.2667
all	0.2661
