1	0.2788
10	0.3739
100	0.3867
11	0.5587
12	0.1203
13	0.1613
14	0.1857
15	0.2197
16	0.3125
17	0.1568
18	0.5851
19	0.1112
2	0.1137
20	0.6335
21	0.3532
22	0.3346
23	0.0365
24	0.0656
25	0.2104
26	0.2714
27	0.2082
28	0.1650
29	0.1216
3	0.2555
30	0.4391
31	0.4760
32	0.1258
33	0.2631
34	0.3322
35	0.1410
36	0.3363
37	0.5610
38	0.2892
39	0.3788
4	0.1480
40	0.2047
41	0.3513
42	0.3255
43	0.4172
44	0.4345
45	0.2636
46	0.3113
47	0.1309
48	0.3469
49	0.4551
5	0.3429
50	0.2706
51	0.3969
52	0.5192
53	0.2815
54	0.4785
55	0.0620
56	0.0868
57	0.5242
58	0.3422
59	0.1905
6	0.2572
60	0.0782
61	0.3857
62	0.2731
63	0.1341
64	0.1417
65	0.2866
66	0.1788
67	0.1887
68	0.2453
69	0.3732
7	0.1652
70	0.5035
71	0.3734
72	0.4104
73	0.2480
74	0.2196
75	0.3784
76	0.2036
77	0.1149
78	0.1753
79	0.1812
8	0.0961
80	0.3281
81	0.2610
82	0.2676
83	0.2921
84	0.4881
85	0.0643
86	0.3220
87	0.1581
88	0.2474
89	0.4335
9	0.2562
90	0.6375
91	0.2957
92	0.4166
93	0.1593
94	0.5210
95	0.2704
96	0.2728
97	0.3250
98	0.1512
99	0.6903
all	0.2892
1	0.2928
10	0.3739
100	0.3881
11	0.5403
12	0.1953
13	0.1497
14	0.1959
15	0.2096
16	0.3225
17	0.1564
18	0.5622
19	0.1108
2	0.0741
20	0.6397
21	0.3253
22	0.3347
23	0.0366
24	0.0828
25	0.2147
26	0.3894
27	0.2119
28	0.1658
29	0.1443
3	0.1686
30	0.4906
31	0.4614
32	0.1719
33	0.2693
34	0.3482
35	0.1379
36	0.3148
37	0.5443
38	0.2831
39	0.3917
4	0.1407
40	0.2188
41	0.4194
42	0.3296
43	0.4304
44	0.3688
45	0.2766
46	0.3225
47	0.1315
48	0.2530
49	0.4655
5	0.3427
50	0.2806
51	0.3800
52	0.5192
53	0.2863
54	0.4947
55	0.0755
56	0.0853
57	0.5404
58	0.3382
59	0.1893
6	0.3070
60	0.0931
61	0.3707
62	0.2852
63	0.1402
64	0.1459
65	0.2661
66	0.1809
67	0.1934
68	0.2107
69	0.3738
7	0.1085
70	0.5035
71	0.3737
72	0.4104
73	0.2501
74	0.2197
75	0.3887
76	0.2157
77	0.1177
78	0.1780
79	0.1905
8	0.0694
80	0.3446
81	0.3046
82	0.2676
83	0.2918
84	0.4846
85	0.0495
86	0.3199
87	0.0911
88	0.2474
89	0.4224
9	0.2877
90	0.6539
91	0.3031
92	0.3561
93	0.1600
94	0.4767
95	0.2334
96	0.2569
97	0.3203
98	0.1421
99	0.6521
all	0.2885
1	0.3057
10	0.3732
100	0.3928
11	0.5558
12	0.1883
13	0.1483
14	0.1937
15	0.2184
16	0.3336
17	0.1830
18	0.5237
19	0.0988
2	0.0741
20	0.6485
21	0.2919
22	0.3081
23	0.0416
24	0.0813
25	0.1831
26	0.3953
27	0.2142
28	0.1651
29	0.0838
3	0.1677
30	0.4972
31	0.4284
32	0.1790
33	0.2697
34	0.3764
35	0.1784
36	0.2757
37	0.5359
38	0.0661
39	0.3045
4	0.1476
40	0.2015
41	0.4172
42	0.3358
43	0.4056
44	0.3903
45	0.2500
46	0.2453
47	0.0960
48	0.2324
49	0.4337
5	0.3081
50	0.2987
51	0.3288
52	0.5192
53	0.2828
54	0.4905
55	0.0514
56	0.0917
57	0.5518
58	0.2967
59	0.1706
6	0.2979
60	0.1121
61	0.3701
62	0.2943
63	0.1583
64	0.1166
65	0.2384
66	0.1764
67	0.1742
68	0.1852
69	0.2042
7	0.1313
70	0.4257
71	0.3737
72	0.4229
73	0.3457
74	0.2222
75	0.3854
76	0.2295
77	0.1431
78	0.1845
79	0.1675
8	0.0693
80	0.2922
81	0.3380
82	0.2781
83	0.2724
84	0.4845
85	0.0523
86	0.3092
87	0.0896
88	0.2240
89	0.3860
9	0.2363
90	0.6544
91	0.2986
92	0.3561
93	0.1783
94	0.4743
95	0.2402
96	0.2553
97	0.3586
98	0.1075
99	0.6555
all	0.2780
1	0.2938
10	0.3739
100	0.3928
11	0.5416
12	0.1944
13	0.1109
14	0.1883
15	0.2177
16	0.3200
17	0.1693
18	0.5706
19	0.1091
2	0.0741
20	0.6430
21	0.3110
22	0.3050
23	0.0366
24	0.0721
25	0.2129
26	0.3284
27	0.2100
28	0.1658
29	0.1247
3	0.1755
30	0.4776
31	0.4682
32	0.1719
33	0.2693
34	0.3438
35	0.1407
36	0.3148
37	0.5475
38	0.2905
39	0.3795
4	0.1371
40	0.2213
41	0.3514
42	0.3221
43	0.4306
44	0.3849
45	0.2652
46	0.3189
47	0.1300
48	0.2531
49	0.4551
5	0.3429
50	0.2898
51	0.4186
52	0.5192
53	0.3211
54	0.4947
55	0.0665
56	0.0853
57	0.5242
58	0.3502
59	0.1908
6	0.2987
60	0.0931
61	0.3707
62	0.2852
63	0.1650
64	0.1472
65	0.2658
66	0.1809
67	0.1944
68	0.2215
69	0.3247
7	0.1660
70	0.4341
71	0.3737
72	0.4147
73	0.2501
74	0.2096
75	0.3873
76	0.2154
77	0.1174
78	0.2022
79	0.1976
8	0.0691
80	0.3287
81	0.3203
82	0.2835
83	0.2918
84	0.4824
85	0.0770
86	0.3097
87	0.0911
88	0.2474
89	0.4224
9	0.2562
90	0.6321
91	0.3027
92	0.4099
93	0.1600
94	0.4847
95	0.2703
96	0.2579
97	0.3250
98	0.1390
99	0.6521
all	0.2875
1	0.3138
10	0.3773
100	0.3942
11	0.5388
12	0.1954
13	0.1422
14	0.1846
15	0.2098
16	0.3249
17	0.1787
18	0.5782
19	0.0939
2	0.0470
20	0.4857
21	0.3540
22	0.3544
23	0.0364
24	0.0700
25	0.2384
26	0.3890
27	0.2081
28	0.1646
29	0.1216
3	0.2622
30	0.3602
31	0.4006
32	0.1638
33	0.2857
34	0.3340
35	0.1256
36	0.3164
37	0.5692
38	0.3974
39	0.3903
4	0.2114
40	0.2135
41	0.3527
42	0.3225
43	0.4311
44	0.4235
45	0.2788
46	0.3118
47	0.1386
48	0.2491
49	0.4666
5	0.3342
50	0.3043
51	0.3669
52	0.5200
53	0.2941
54	0.5454
55	0.0636
56	0.0789
57	0.5270
58	0.3484
59	0.1910
6	0.3116
60	0.1065
61	0.3849
62	0.2798
63	0.1549
64	0.1440
65	0.2664
66	0.1776
67	0.1928
68	0.2173
69	0.3393
7	0.1603
70	0.4634
71	0.3734
72	0.4207
73	0.2571
74	0.1914
75	0.3846
76	0.2195
77	0.1163
78	0.1830
79	0.2287
8	0.0800
80	0.3469
81	0.2954
82	0.2768
83	0.3017
84	0.4827
85	0.0796
86	0.3117
87	0.1430
88	0.2516
89	0.4334
9	0.2563
90	0.6175
91	0.3086
92	0.3914
93	0.1756
94	0.4848
95	0.1730
96	0.2270
97	0.3198
98	0.1200
99	0.6521
all	0.2888
1	0.2868
10	0.3687
100	0.3867
11	0.5395
12	0.1837
13	0.1055
14	0.1935
15	0.2093
16	0.3261
17	0.1721
18	0.5621
19	0.1066
2	0.0472
20	0.5958
21	0.3232
22	0.3650
23	0.0366
24	0.0721
25	0.2099
26	0.3287
27	0.2093
28	0.1679
29	0.1368
3	0.2506
30	0.4441
31	0.4641
32	0.1720
33	0.3133
34	0.3362
35	0.1471
36	0.3148
37	0.5702
38	0.2831
39	0.3805
4	0.1407
40	0.2251
41	0.4358
42	0.3375
43	0.4328
44	0.4166
45	0.2933
46	0.3184
47	0.1342
48	0.3484
49	0.4652
5	0.3345
50	0.3106
51	0.4210
52	0.5192
53	0.2758
54	0.5146
55	0.0446
56	0.0844
57	0.5404
58	0.3048
59	0.1662
6	0.2871
60	0.0942
61	0.3783
62	0.2855
63	0.1605
64	0.1450
65	0.2661
66	0.1789
67	0.1893
68	0.1852
69	0.3905
7	0.1022
70	0.5035
71	0.3734
72	0.4325
73	0.3313
74	0.2197
75	0.3887
76	0.2151
77	0.1330
78	0.1870
79	0.1905
8	0.0944
80	0.3025
81	0.3302
82	0.2676
83	0.3094
84	0.4836
85	0.0912
86	0.3170
87	0.0911
88	0.3029
89	0.4024
9	0.3063
90	0.6495
91	0.3030
92	0.4166
93	0.1600
94	0.4847
95	0.2657
96	0.2579
97	0.3251
98	0.1456
99	0.6521
all	0.2927
1	0.3148
10	0.3855
100	0.3956
11	0.6034
12	0.1129
13	0.1536
14	0.1620
15	0.2055
16	0.3323
17	0.1733
18	0.5970
19	0.1020
2	0.0903
20	0.6198
21	0.2767
22	0.2624
23	0.0409
24	0.0835
25	0.1776
26	0.3956
27	0.2111
28	0.1656
29	0.0775
3	0.1768
30	0.3837
31	0.3634
32	0.1723
33	0.2513
34	0.3757
35	0.1422
36	0.2715
37	0.5002
38	0.0661
39	0.3045
4	0.1638
40	0.2153
41	0.4188
42	0.3168
43	0.4128
44	0.3760
45	0.1385
46	0.2301
47	0.0958
48	0.2334
49	0.4330
5	0.3057
50	0.2790
51	0.2808
52	0.5200
53	0.3322
54	0.4924
55	0.0727
56	0.1001
57	0.5270
58	0.3150
59	0.1594
6	0.3062
60	0.1186
61	0.3603
62	0.3006
63	0.1302
64	0.1186
65	0.2528
66	0.1802
67	0.1742
68	0.0704
69	0.2054
7	0.1149
70	0.4616
71	0.4494
72	0.4249
73	0.3285
74	0.2191
75	0.3850
76	0.2637
77	0.1201
78	0.1692
79	0.1576
8	0.0697
80	0.2996
81	0.3091
82	0.2382
83	0.2773
84	0.4868
85	0.0529
86	0.3057
87	0.0796
88	0.1611
89	0.3950
9	0.1970
90	0.6473
91	0.2964
92	0.3535
93	0.1515
94	0.3570
95	0.2411
96	0.2630
97	0.2872
98	0.1099
99	0.6467
all	0.2690
