1	0.2468
10	0.2276
100	0.0698
101	0.0096
102	0.4113
104	0.0406
109	0.1501
11	0.2182
111	0.3930
12	0.0604
13	0.2523
14	0.0034
15	0.1173
16	0.0431
17	0.0386
18	0.1664
19	0.2913
2	0.0355
20	0.2431
21	0.1515
22	0.1683
23	0.1258
24	0.3307
25	0.2052
26	0.4384
27	0.3249
28	0.4715
29	0.1753
3	0.2196
30	0.2979
31	0.1683
32	0.1605
33	0.0439
34	0.1787
35	0.1926
37	0.1212
39	0.1000
4	0.0565
41	0.2791
42	0.1177
43	0.0220
44	0.2358
45	0.1340
46	0.2197
49	0.0593
5	0.0517
50	0.2983
52	0.4375
54	0.1411
55	0.8620
56	0.1908
57	0.1375
58	0.2747
6	0.3333
61	0.0405
62	0.4878
65	0.2728
66	0.3378
67	0.1116
69	0.1952
7	0.0611
71	0.2026
76	0.2472
79	0.1861
8	0.0225
81	0.1372
82	0.0576
84	0.0495
9	0.1091
90	0.0776
92	0.1438
95	0.1839
96	0.0648
97	0.0395
98	0.3069
99	0.1480
all	0.1872
1	0.2575
10	0.2518
100	0.0725
101	0.0417
102	0.4363
104	0.0533
109	0.1439
11	0.2148
111	0.4271
12	0.0666
13	0.2604
14	0.0049
15	0.1302
16	0.0465
17	0.0573
18	0.1713
19	0.3005
2	0.0706
20	0.1966
21	0.1517
22	0.1094
23	0.1480
24	0.2816
25	0.2346
26	0.4202
27	0.2504
28	0.2259
29	0.1445
3	0.2387
30	0.3454
31	0.1073
32	0.2122
33	0.0657
34	0.1559
35	0.2013
37	0.1103
39	0.1139
4	0.0857
41	0.2921
42	0.1276
43	0.0240
44	0.2550
45	0.1674
46	0.2343
49	0.0702
5	0.0551
50	0.3345
52	0.4476
54	0.1779
55	0.7418
56	0.1276
57	0.1428
58	0.2609
6	0.3333
61	0.0346
62	0.5728
65	0.2611
66	0.3147
67	0.1196
69	0.1732
7	0.0505
71	0.2223
76	0.2536
79	0.1503
8	0.0189
81	0.1264
82	0.0466
84	0.0458
9	0.1087
90	0.0841
92	0.1415
95	0.1878
96	0.0615
97	0.0497
98	0.3215
99	0.1921
all	0.1860
1	0.2681
10	0.1826
100	0.0477
101	0.0667
102	0.4075
104	0.0543
109	0.1465
11	0.2339
111	0.2549
12	0.0491
13	0.2453
14	0.0060
15	0.1476
16	0.0481
17	0.0575
18	0.1137
19	0.2618
2	0.0274
20	0.1702
21	0.1424
22	0.1212
23	0.1728
24	0.2920
25	0.2136
26	0.4291
27	0.2574
28	0.2165
29	0.1134
3	0.1805
30	0.3604
31	0.0931
32	0.1648
33	0.0484
34	0.1211
35	0.2041
37	0.0734
39	0.1244
4	0.0640
41	0.3493
42	0.1370
43	0.0177
44	0.2556
45	0.1686
46	0.2545
49	0.0950
5	0.0515
50	0.3153
52	0.4673
54	0.1437
55	0.7473
56	0.0949
57	0.1360
58	0.2811
6	0.5000
61	0.0322
62	0.5662
65	0.2589
66	0.2667
67	0.1303
69	0.1937
7	0.0643
71	0.2142
76	0.2259
79	0.2182
8	0.0149
81	0.1383
82	0.0445
84	0.0535
9	0.1269
90	0.0897
92	0.1141
95	0.2243
96	0.0946
97	0.0232
98	0.3381
99	0.2162
all	0.1822
1	0.2498
10	0.2278
100	0.0716
101	0.0108
102	0.3986
104	0.0440
109	0.1519
11	0.2279
111	0.4171
12	0.0637
13	0.2611
14	0.0048
15	0.1306
16	0.0457
17	0.0568
18	0.1244
19	0.3049
2	0.0485
20	0.1955
21	0.1518
22	0.1093
23	0.1441
24	0.3287
25	0.2088
26	0.4449
27	0.2522
28	0.2200
29	0.1543
3	0.2176
30	0.2976
31	0.1901
32	0.2153
33	0.0623
34	0.1518
35	0.2020
37	0.1347
39	0.1148
4	0.1045
41	0.2648
42	0.1247
43	0.0189
44	0.2405
45	0.1482
46	0.2418
49	0.0697
5	0.0476
50	0.3260
52	0.4338
54	0.1782
55	0.8079
56	0.1292
57	0.1417
58	0.2642
6	0.3333
61	0.0308
62	0.5923
65	0.2755
66	0.3065
67	0.1201
69	0.1605
7	0.0597
71	0.2122
76	0.2406
79	0.1922
8	0.0219
81	0.1375
82	0.0748
84	0.0491
9	0.1119
90	0.0890
92	0.1413
95	0.1940
96	0.0613
97	0.0410
98	0.3710
99	0.2642
all	0.1876
1	0.2354
10	0.2441
100	0.0704
101	0.0345
102	0.3801
104	0.0412
109	0.1605
11	0.2199
111	0.4674
12	0.0640
13	0.2553
14	0.0036
15	0.1253
16	0.0438
17	0.0414
18	0.1400
19	0.3054
2	0.0285
20	0.2467
21	0.1527
22	0.0938
23	0.1313
24	0.3504
25	0.1948
26	0.3998
27	0.2904
28	0.2502
29	0.1369
3	0.2224
30	0.3424
31	0.1660
32	0.1704
33	0.0433
34	0.1950
35	0.2184
37	0.1022
39	0.1228
4	0.0595
41	0.3026
42	0.1140
43	0.0184
44	0.2464
45	0.1497
46	0.2334
49	0.0690
5	0.0486
50	0.3184
52	0.4765
54	0.1731
55	0.8670
56	0.1688
57	0.1434
58	0.2504
6	0.2000
61	0.0376
62	0.5424
65	0.2790
66	0.2973
67	0.1203
69	0.1465
7	0.0798
71	0.2199
76	0.2527
79	0.1713
8	0.0187
81	0.1356
82	0.0765
84	0.0428
9	0.1259
90	0.0949
92	0.1183
95	0.1303
96	0.0624
97	0.0356
98	0.3457
99	0.2402
all	0.1856
1	0.2596
10	0.1300
100	0.0464
101	0.0090
102	0.4177
104	0.0571
109	0.1352
11	0.2283
111	0.3939
12	0.0629
13	0.2626
14	0.0040
15	0.1242
16	0.0453
17	0.0588
18	0.1480
19	0.3016
2	0.0529
20	0.1997
21	0.1661
22	0.1187
23	0.1247
24	0.3420
25	0.2126
26	0.4400
27	0.3192
28	0.2428
29	0.2020
3	0.1805
30	0.2995
31	0.1090
32	0.1689
33	0.0541
34	0.1871
35	0.2230
37	0.1216
39	0.1094
4	0.0901
41	0.3263
42	0.1057
43	0.0203
44	0.2424
45	0.1352
46	0.2268
49	0.0701
5	0.0483
50	0.3282
52	0.4211
54	0.1501
55	0.7464
56	0.1382
57	0.1421
58	0.2370
6	0.2500
61	0.0320
62	0.5330
65	0.2825
66	0.2793
67	0.1249
69	0.1694
7	0.0491
71	0.2333
76	0.2362
79	0.1309
8	0.0165
81	0.1301
82	0.0771
84	0.0485
9	0.1133
90	0.0940
92	0.1398
95	0.2080
96	0.0811
97	0.0515
98	0.3213
99	0.2190
all	0.1817
1	0.2771
10	0.2249
100	0.0890
101	0.0909
102	0.4141
104	0.0569
109	0.1576
11	0.1925
111	0.2352
12	0.0640
13	0.2565
14	0.0053
15	0.1022
16	0.0433
17	0.0571
18	0.1095
19	0.2311
2	0.0259
20	0.1395
21	0.1030
22	0.1247
23	0.2003
24	0.2870
25	0.1995
26	0.3372
27	0.2229
28	0.1885
29	0.0963
3	0.1451
30	0.3331
31	0.0919
32	0.1337
33	0.0473
34	0.1032
35	0.2061
37	0.0554
39	0.1213
4	0.0963
41	0.2701
42	0.1369
43	0.0227
44	0.2351
45	0.1844
46	0.2214
49	0.0868
5	0.0549
50	0.3054
52	0.4842
54	0.1384
55	0.7596
56	0.0913
57	0.1755
58	0.1964
6	0.0833
61	0.0362
62	0.5424
65	0.2253
66	0.1885
67	0.1035
69	0.2009
7	0.0613
71	0.2270
76	0.1749
79	0.2163
8	0.0159
81	0.1226
82	0.0521
84	0.0454
9	0.1208
90	0.0984
92	0.1136
95	0.2271
96	0.0954
97	0.0229
98	0.2745
99	0.1566
all	0.1662
