1	0.1834
10	0.1159
100	0.3300
101	0.5497
102	0.2021
103	0.1852
104	0.0827
105	0.4352
106	0.5739
107	0.2817
108	0.8179
109	0.0389
11	0.1691
110	0.0590
111	0.2641
112	0.2885
113	0.0470
114	0.0475
115	0.0551
116	0.0384
117	0.0279
118	0.6731
119	1.0000
12	0.1773
120	0.3843
121	0.4599
122	0.0947
123	0.0470
124	0.0030
125	0.2167
126	0.2227
127	0.0806
128	0.0192
129	0.4485
13	0.0027
130	0.5249
131	0.2540
132	0.7259
133	0.5087
134	0.5256
135	0.5684
136	0.4637
137	0.1813
138	0.1961
139	0.0100
14	0.5588
140	0.1542
141	0.1798
142	0.0556
143	0.5909
144	0.3002
145	0.1760
146	0.3250
147	0.2919
148	0.1801
149	0.2306
15	0.7500
150	1.0000
151	0.0270
152	0.0086
153	0.2455
154	0.5833
155	0.0667
156	0.4840
157	0.3231
158	0.2857
159	0.0640
16	0.2337
160	0.1184
161	0.4824
162	0.2230
163	0.2260
164	0.4961
165	0.5000
166	0.0349
167	1.0000
168	0.0627
169	0.2611
17	0.0470
170	0.4426
171	0.5889
172	0.6792
173	1.0000
174	0.0597
175	0.0380
176	0.0378
177	0.4878
178	0.2712
179	0.4387
18	0.3602
180	0.3915
181	0.2609
182	0.5833
183	0.4026
184	0.4139
185	0.8332
186	0.1296
187	0.0927
188	0.3739
189	0.1687
19	0.0403
190	0.3066
191	0.3136
192	0.4708
193	0.7485
194	0.3248
195	0.1060
196	0.1001
197	0.4477
198	0.4838
199	0.0597
2	0.2516
20	0.4172
200	0.2700
201	0.3338
202	0.1742
203	0.2522
204	0.0278
205	1.0000
206	0.2081
207	0.1607
208	0.6826
209	0.1223
21	0.0302
210	0.3467
211	0.1602
212	0.4658
213	0.5366
214	0.1476
215	0.0302
216	0.0039
217	0.2599
218	0.3263
219	0.0329
22	0.0016
220	0.1920
221	0.2175
222	0.7683
223	0.5347
224	0.1595
225	0.0791
23	0.1346
24	0.4102
25	0.6295
26	0.2836
27	0.2879
28	0.0159
29	0.3850
3	0.4998
30	0.1488
31	0.0009
32	0.0760
33	0.6389
34	0.5204
35	0.0162
36	0.1782
37	0.1593
38	0.0647
39	0.1262
4	0.5200
40	0.0829
41	0.8095
42	0.1739
43	0.5024
44	0.0018
45	0.2047
46	0.4204
47	0.4096
48	0.2451
49	0.0714
5	0.6250
50	0.0453
51	0.3272
52	0.3321
53	0.2599
54	0.1461
55	0.2286
56	0.1409
57	0.0777
58	0.1100
59	0.1094
6	0.0958
60	0.4324
61	0.3042
62	0.0176
63	0.0296
64	0.0414
65	0.1254
66	0.0529
67	0.2666
68	0.0677
69	0.0446
7	0.1743
70	0.1697
71	0.0833
72	0.0445
73	0.3010
74	0.1256
75	0.0205
76	0.2991
77	0.4126
78	0.7917
79	0.0336
8	0.0983
80	0.0084
81	1.0000
82	0.5429
83	0.1603
84	0.3993
85	0.0926
86	0.3929
87	0.0121
88	0.6746
89	0.2299
9	0.9167
90	0.2113
91	0.4645
92	0.5112
93	0.5000
94	0.5959
95	0.4167
96	0.4582
97	0.2104
98	0.0178
99	0.2981
all	0.2905
1	0.1856
10	0.1118
100	0.3411
101	0.6357
102	0.1810
103	0.0638
104	0.1018
105	0.4582
106	0.5780
107	0.3104
108	0.8231
109	0.0389
11	0.1595
110	0.0504
111	0.2830
112	0.2900
113	0.0730
114	0.0338
115	0.0652
116	0.0823
117	0.0286
118	0.2511
119	1.0000
12	0.1767
120	0.4270
121	0.4942
122	0.1025
123	0.0739
124	0.0033
125	0.2210
126	0.2211
127	0.1232
128	0.0271
129	0.4318
13	0.0028
130	0.5003
131	0.2998
132	0.7259
133	0.5126
134	0.1937
135	0.5839
136	0.4848
137	0.2096
138	0.2833
139	0.0100
14	0.5667
140	0.1188
141	0.1324
142	0.0625
143	0.6111
144	0.2534
145	0.1840
146	0.3250
147	0.3225
148	0.2895
149	0.2556
15	0.7500
150	1.0000
151	0.0270
152	0.0126
153	0.2627
154	0.5357
155	0.0977
156	0.4923
157	0.3185
158	0.2826
159	0.0730
16	0.2904
160	0.1193
161	0.5287
162	0.2389
163	0.2225
164	0.4929
165	0.5833
166	0.0280
167	1.0000
168	0.0691
169	0.2191
17	0.0500
170	0.4347
171	0.5889
172	0.6792
173	1.0000
174	0.0510
175	0.0380
176	0.0354
177	0.6227
178	0.4588
179	0.2781
18	0.3613
180	0.3650
181	0.2607
182	0.5833
183	0.4276
184	0.2561
185	0.8332
186	0.1296
187	0.1368
188	0.2492
189	0.1670
19	0.0286
190	0.3215
191	0.2849
192	0.7054
193	0.8321
194	0.3043
195	0.1996
196	0.0965
197	0.4365
198	0.4003
199	0.0670
2	0.2007
20	0.4141
200	0.2683
201	0.3558
202	0.2112
203	0.1702
204	0.0388
205	0.5833
206	0.2240
207	0.1597
208	0.6968
209	0.1290
21	0.0532
210	0.3464
211	0.1476
212	0.6175
213	0.6124
214	0.1499
215	0.0353
216	0.0017
217	0.2772
218	0.2877
219	0.0342
22	0.0015
220	0.1385
221	0.2059
222	0.7701
223	0.5347
224	0.1627
225	0.0824
23	0.1419
24	0.3922
25	0.5334
26	0.2860
27	0.1545
28	0.0036
29	0.4582
3	0.5742
30	0.1568
31	0.0012
32	0.0799
33	0.6389
34	0.3992
35	0.0278
36	0.5122
37	0.0429
38	0.0553
39	0.1237
4	0.5250
40	0.1027
41	0.8095
42	0.1382
43	0.5258
44	0.0023
45	0.2045
46	0.4170
47	0.3714
48	0.2232
49	0.0719
5	0.6250
50	0.0484
51	0.3764
52	0.3321
53	0.3377
54	0.1623
55	0.2651
56	0.1450
57	0.0868
58	0.1243
59	0.0906
6	0.0901
60	0.4144
61	0.5200
62	0.0143
63	0.0234
64	0.1302
65	0.1270
66	0.0496
67	0.2605
68	0.0726
69	0.0467
7	0.1757
70	0.1759
71	0.0828
72	0.0500
73	0.3737
74	0.2023
75	0.0274
76	0.3117
77	0.3812
78	0.6984
79	0.0478
8	0.0977
80	0.0127
81	1.0000
82	0.5130
83	0.1213
84	0.3846
85	0.0941
86	0.5833
87	0.0117
88	0.6607
89	0.2336
9	0.8056
90	0.2109
91	0.4592
92	0.4708
93	0.5000
94	0.6058
95	0.4500
96	0.4569
97	0.2104
98	0.0157
99	0.2578
all	0.2916
1	0.1826
10	0.1131
100	0.3396
101	0.5815
102	0.3145
103	0.0638
104	0.0708
105	0.4381
106	0.6581
107	0.2901
108	0.7695
109	0.0214
11	0.1803
110	0.0120
111	0.2565
112	0.3214
113	0.1264
114	0.0410
115	0.0122
116	0.0590
117	0.0284
118	0.3407
119	0.3333
12	0.1861
120	0.4046
121	0.4965
122	0.1003
123	0.0303
124	0.0031
125	0.2580
126	0.2631
127	0.0723
128	0.0132
129	0.4231
13	0.0028
130	0.5689
131	0.2466
132	0.6778
133	0.5261
134	0.1667
135	0.5788
136	0.2953
137	0.2085
138	0.2696
139	0.0064
14	0.5833
140	0.0929
141	0.1530
142	0.0238
143	0.5323
144	0.3659
145	0.3980
146	0.4167
147	0.3158
148	0.1781
149	0.2870
15	0.7500
150	0.8333
151	0.0167
152	0.0134
153	0.2656
154	0.5714
155	0.1330
156	0.5248
157	0.2682
158	0.2521
159	0.0438
16	0.2387
160	0.1228
161	0.4214
162	0.2501
163	0.2874
164	0.4612
165	0.5833
166	0.0312
167	0.5000
168	0.0844
169	0.2939
17	0.0635
170	0.5862
171	0.5889
172	0.6792
173	1.0000
174	0.0283
175	0.0390
176	0.0815
177	0.5045
178	0.3173
179	0.2283
18	0.3716
180	0.3411
181	0.2630
182	0.5833
183	0.4015
184	0.2019
185	0.8231
186	0.1247
187	0.1114
188	0.2298
189	0.1383
19	0.0371
190	0.3303
191	0.3299
192	0.4890
193	0.7436
194	0.3116
195	0.1401
196	0.0865
197	0.4444
198	0.3930
199	0.0733
2	0.1917
20	0.3815
200	0.2767
201	0.3714
202	0.1790
203	0.2090
204	0.0371
205	0.0377
206	0.3353
207	0.0731
208	0.7028
209	0.1182
21	0.0819
210	0.3892
211	0.1625
212	0.5399
213	0.5876
214	0.1499
215	0.0191
216	0.0020
217	0.1919
218	0.2398
219	0.0358
22	0.0015
220	0.1616
221	0.1671
222	0.3783
223	0.4871
224	0.1482
225	0.0839
23	0.1345
24	0.2445
25	0.5501
26	0.2716
27	0.3849
28	0.0043
29	0.3976
3	0.6103
30	0.0864
31	0.0008
32	0.0547
33	0.6389
34	0.3662
35	0.0283
36	0.5017
37	0.1783
38	0.0556
39	0.1533
4	0.5556
40	0.0388
41	0.8333
42	0.1185
43	0.5199
44	0.0023
45	0.2236
46	0.3723
47	0.3901
48	0.1939
49	0.0764
5	0.6268
50	0.0488
51	0.3815
52	0.3389
53	0.2839
54	0.1378
55	0.2542
56	0.1563
57	0.0783
58	0.1946
59	0.1150
6	0.1429
60	0.3918
61	0.2936
62	0.0183
63	0.0281
64	0.0229
65	0.1596
66	0.0615
67	0.2925
68	0.1616
69	0.0394
7	0.2200
70	0.0772
71	0.1039
72	0.0520
73	0.3327
74	0.1186
75	0.0375
76	0.3297
77	0.4012
78	0.7222
79	0.0492
8	0.1444
80	0.0067
81	1.0000
82	0.5389
83	0.1181
84	0.3448
85	0.1358
86	0.3929
87	0.0095
88	0.6357
89	0.2580
9	0.6389
90	0.2283
91	0.4476
92	0.4503
93	0.5000
94	0.5993
95	0.4500
96	0.4688
97	0.3135
98	0.0172
99	0.1007
all	0.2752
1	0.1826
10	0.1119
100	0.3310
101	0.6357
102	0.1600
103	0.0638
104	0.1358
105	0.4379
106	0.5447
107	0.3009
108	0.8281
109	0.0389
11	0.1547
110	0.0505
111	0.2830
112	0.2900
113	0.0558
114	0.0584
115	0.0970
116	0.0560
117	0.0268
118	0.2232
119	1.0000
12	0.1773
120	0.3745
121	0.4828
122	0.0916
123	0.0498
124	0.0031
125	0.2525
126	0.2227
127	0.1281
128	0.0192
129	0.4198
13	0.0028
130	0.5219
131	0.2692
132	0.7259
133	0.4451
134	0.5244
135	0.5418
136	0.4842
137	0.1900
138	0.1961
139	0.0099
14	0.5588
140	0.1689
141	0.1316
142	0.0588
143	0.6111
144	0.2549
145	0.1729
146	0.3250
147	0.2924
148	0.1807
149	0.2539
15	0.7500
150	1.0000
151	0.0270
152	0.0098
153	0.2666
154	0.7000
155	0.0976
156	0.4905
157	0.3256
158	0.2804
159	0.0725
16	0.2336
160	0.1187
161	0.5266
162	0.2328
163	0.2280
164	0.4961
165	0.5833
166	0.0339
167	1.0000
168	0.0687
169	0.2191
17	0.0465
170	0.4435
171	0.5889
172	0.6792
173	1.0000
174	0.0510
175	0.0379
176	0.0350
177	0.6227
178	0.4557
179	0.2719
18	0.3613
180	0.3606
181	0.2607
182	0.5833
183	0.4146
184	0.2623
185	0.8153
186	0.1299
187	0.1225
188	0.3799
189	0.1687
19	0.0436
190	0.3207
191	0.2966
192	0.5595
193	0.8321
194	0.3397
195	0.1108
196	0.0896
197	0.4389
198	0.4423
199	0.0664
2	0.2228
20	0.4127
200	0.3000
201	0.3558
202	0.2098
203	0.1691
204	0.0326
205	0.8333
206	0.2081
207	0.1116
208	0.6968
209	0.1033
21	0.0370
210	0.3562
211	0.1555
212	0.4525
213	0.5656
214	0.1479
215	0.0351
216	0.0017
217	0.2488
218	0.2845
219	0.0342
22	0.0015
220	0.2016
221	0.2644
222	0.7701
223	0.5347
224	0.1182
225	0.0812
23	0.1356
24	0.3250
25	0.6756
26	0.2835
27	0.1545
28	0.0036
29	0.4565
3	0.4583
30	0.1568
31	0.0008
32	0.0800
33	0.6389
34	0.3905
35	0.0278
36	0.5123
37	0.0428
38	0.0641
39	0.1234
4	0.5256
40	0.1019
41	0.8095
42	0.1382
43	0.5091
44	0.0023
45	0.2026
46	0.4201
47	0.3709
48	0.2451
49	0.0768
5	0.6238
50	0.0484
51	0.3796
52	0.3321
53	0.2583
54	0.1624
55	0.2177
56	0.1446
57	0.0725
58	0.1725
59	0.1094
6	0.0963
60	0.4331
61	0.5275
62	0.0178
63	0.0297
64	0.1715
65	0.1223
66	0.0498
67	0.2634
68	0.0655
69	0.0465
7	0.1748
70	0.1758
71	0.1021
72	0.0492
73	0.3493
74	0.1637
75	0.0212
76	0.3064
77	0.3770
78	0.6984
79	0.0354
8	0.0976
80	0.0074
81	1.0000
82	0.5963
83	0.1219
84	0.4063
85	0.0934
86	0.5833
87	0.0122
88	0.6746
89	0.2257
9	0.9167
90	0.2109
91	0.4597
92	0.4710
93	0.5000
94	0.5959
95	0.4167
96	0.4582
97	0.2104
98	0.0178
99	0.2155
all	0.2914
1	0.1861
10	0.1120
100	0.3369
101	0.6218
102	0.2412
103	0.1848
104	0.1020
105	0.4379
106	0.5479
107	0.2265
108	0.8255
109	0.0389
11	0.1659
110	0.0504
111	0.3005
112	0.2870
113	0.0454
114	0.0425
115	0.0573
116	0.0483
117	0.0239
118	0.1236
119	1.0000
12	0.0822
120	0.3659
121	0.4577
122	0.0572
123	0.0481
124	0.0028
125	0.2495
126	0.2228
127	0.0805
128	0.0108
129	0.4501
13	0.0032
130	0.5110
131	0.2625
132	0.7259
133	0.4988
134	0.5244
135	0.5918
136	0.4623
137	0.1785
138	0.1961
139	0.0096
14	0.5588
140	0.1688
141	0.1720
142	0.0500
143	0.5909
144	0.2473
145	0.2009
146	0.3250
147	0.3199
148	0.1801
149	0.1880
15	0.7500
150	1.0000
151	0.0272
152	0.0094
153	0.2438
154	0.8333
155	0.0952
156	0.4832
157	0.3191
158	0.2510
159	0.0712
16	0.1592
160	0.1199
161	0.5225
162	0.2324
163	0.2836
164	0.4960
165	0.5000
166	0.0338
167	1.0000
168	0.0635
169	0.3037
17	0.0471
170	0.6002
171	0.6389
172	0.6792
173	1.0000
174	0.0149
175	0.0373
176	0.0396
177	0.4131
178	0.1338
179	0.2271
18	0.3613
180	0.3636
181	0.2607
182	0.5833
183	0.4337
184	0.4102
185	0.8153
186	0.1236
187	0.1203
188	0.4065
189	0.1460
19	0.0346
190	0.2136
191	0.2967
192	0.5456
193	0.8134
194	0.2955
195	0.0936
196	0.0905
197	0.4514
198	0.4767
199	0.0573
2	0.2228
20	0.4152
200	0.2431
201	0.3583
202	0.1885
203	0.1672
204	0.0284
205	0.5833
206	0.2795
207	0.1118
208	0.6631
209	0.1091
21	0.0323
210	0.3413
211	0.1526
212	0.4687
213	0.5856
214	0.1532
215	0.0283
216	0.0017
217	0.2621
218	0.2880
219	0.0348
22	0.0013
220	0.1997
221	0.2877
222	0.6140
223	0.5347
224	0.1454
225	0.0846
23	0.1349
24	0.5317
25	0.6255
26	0.2821
27	0.1254
28	0.0034
29	0.4580
3	0.5110
30	0.2320
31	0.0008
32	0.0762
33	0.6389
34	0.5157
35	0.0201
36	0.1779
37	0.0333
38	0.0547
39	0.1264
4	0.5417
40	0.0857
41	0.8095
42	0.1908
43	0.4488
44	0.0025
45	0.2053
46	0.3944
47	0.3651
48	0.2049
49	0.0764
5	0.6406
50	0.0592
51	0.3192
52	0.5964
53	0.3660
54	0.1661
55	0.1799
56	0.1355
57	0.0855
58	0.1343
59	0.1111
6	0.1561
60	0.4334
61	0.5394
62	0.0177
63	0.0292
64	0.0419
65	0.1329
66	0.0468
67	0.2678
68	0.0661
69	0.0450
7	0.1767
70	0.1713
71	0.1008
72	0.0482
73	0.3461
74	0.1327
75	0.0241
76	0.3676
77	0.3650
78	0.6667
79	0.0353
8	0.0958
80	0.0074
81	1.0000
82	0.4646
83	0.0667
84	0.4670
85	0.0934
86	0.4167
87	0.0113
88	0.6607
89	0.2301
9	0.8056
90	0.2111
91	0.4763
92	0.4545
93	0.5000
94	0.6144
95	0.4167
96	0.4610
97	0.2106
98	0.0198
99	0.2124
all	0.2861
1	0.1910
10	0.1845
100	0.3423
101	0.6769
102	0.3270
103	0.1848
104	0.1024
105	0.4541
106	0.5739
107	0.2823
108	0.8358
109	0.0403
11	0.1984
110	0.0504
111	0.1471
112	0.2833
113	0.0678
114	0.0631
115	0.0770
116	0.0823
117	0.0257
118	0.2232
119	1.0000
12	0.1756
120	0.4321
121	0.4939
122	0.1057
123	0.0272
124	0.0030
125	0.2062
126	0.2646
127	0.1478
128	0.0137
129	0.4094
13	0.0033
130	0.3049
131	0.3037
132	0.7259
133	0.5126
134	0.2727
135	0.5839
136	0.4848
137	0.2143
138	0.5227
139	0.0095
14	0.5667
140	0.0568
141	0.1312
142	0.0625
143	0.6111
144	0.2516
145	0.1843
146	0.3250
147	0.2557
148	0.2894
149	0.2832
15	0.7500
150	1.0000
151	0.0270
152	0.0087
153	0.2629
154	0.5667
155	0.0982
156	0.4663
157	0.3169
158	0.2544
159	0.0720
16	0.2565
160	0.1199
161	0.5241
162	0.2323
163	0.2063
164	0.4455
165	0.5833
166	0.0281
167	1.0000
168	0.0026
169	0.2273
17	0.0496
170	0.5122
171	0.4333
172	0.6792
173	1.0000
174	0.0518
175	0.0410
176	0.0378
177	0.6103
178	0.3810
179	0.3397
18	0.3613
180	0.1411
181	0.1590
182	0.5833
183	0.4267
184	0.1803
185	0.5140
186	0.1284
187	0.1278
188	0.4062
189	0.1670
19	0.0371
190	0.1336
191	0.0787
192	0.5845
193	0.8321
194	0.3046
195	0.1980
196	0.0900
197	0.4324
198	0.5980
199	0.0618
2	0.1747
20	0.4249
200	0.2827
201	0.3608
202	0.1665
203	0.2087
204	0.0296
205	0.5714
206	0.0625
207	0.0236
208	0.6746
209	0.1301
21	0.0764
210	0.3416
211	0.1476
212	0.5748
213	0.5670
214	0.1476
215	0.0206
216	0.0017
217	0.3270
218	0.2780
219	0.0343
22	0.0028
220	0.1721
221	0.2063
222	0.7366
223	0.5347
224	0.1558
225	0.0814
23	0.1199
24	0.3651
25	0.5302
26	0.3679
27	0.2891
28	0.0077
29	0.4585
3	0.5742
30	0.1337
31	0.0012
32	0.0674
33	0.6389
34	0.5112
35	0.0328
36	0.5123
37	0.0516
38	0.0595
39	0.1234
4	0.5112
40	0.1026
41	0.7667
42	0.1479
43	0.5257
44	0.0023
45	0.2043
46	0.4168
47	0.3809
48	0.2451
49	0.0800
5	0.2160
50	0.0542
51	0.3743
52	0.3291
53	0.3802
54	0.1608
55	0.2444
56	0.0948
57	0.0300
58	0.1587
59	0.0944
6	0.0923
60	0.4355
61	0.5237
62	0.0143
63	0.0227
64	0.0570
65	0.1252
66	0.0560
67	0.2583
68	0.0850
69	0.0462
7	0.1778
70	0.1752
71	0.1053
72	0.0418
73	0.3657
74	0.1001
75	0.0440
76	0.4049
77	0.3736
78	0.8333
79	0.0381
8	0.0977
80	0.0075
81	1.0000
82	0.4958
83	0.1220
84	0.4132
85	0.1352
86	0.5833
87	0.0115
88	0.6746
89	0.2122
9	0.8056
90	0.2116
91	0.4614
92	0.4404
93	0.5000
94	0.5959
95	0.4500
96	0.4817
97	0.2104
98	0.0154
99	0.2539
all	0.2854
1	0.2103
10	0.0964
100	0.3365
101	0.6194
102	0.3313
103	0.0638
104	0.0772
105	0.4281
106	0.2292
107	0.2271
108	0.8278
109	0.0258
11	0.1718
110	0.0121
111	0.2092
112	0.3333
113	0.1517
114	0.0368
115	0.0569
116	0.0737
117	0.0300
118	0.4756
119	0.5000
12	0.2173
120	0.3493
121	0.4855
122	0.1254
123	0.0315
124	0.0035
125	0.2408
126	0.2641
127	0.1682
128	0.0175
129	0.4306
13	0.0029
130	0.5102
131	0.2212
132	0.6078
133	0.3249
134	0.1685
135	0.5033
136	0.2956
137	0.2289
138	0.1730
139	0.0050
14	0.6429
140	0.1226
141	0.2030
142	0.0013
143	0.5667
144	0.4047
145	0.3874
146	0.4167
147	0.2766
148	0.2021
149	0.2668
15	1.0000
150	0.5833
151	0.0206
152	0.0218
153	0.2678
154	0.6000
155	0.2258
156	0.5015
157	0.2548
158	0.2531
159	0.0465
16	0.2460
160	0.0927
161	0.4227
162	0.2335
163	0.2869
164	0.4661
165	0.5833
166	0.0298
167	0.4167
168	0.0637
169	0.2940
17	0.0586
170	0.5322
171	0.5889
172	0.8042
173	1.0000
174	0.0370
175	0.0353
176	0.0556
177	0.5237
178	0.3680
179	0.2182
18	0.3792
180	0.3413
181	0.2646
182	0.5833
183	0.3593
184	0.1742
185	0.7702
186	0.1373
187	0.1116
188	0.2809
189	0.1351
19	0.0377
190	0.3786
191	0.2655
192	0.3212
193	0.7188
194	0.4074
195	0.1352
196	0.0739
197	0.4444
198	0.3937
199	0.0400
2	0.1748
20	0.3462
200	0.5041
201	0.3623
202	0.1592
203	0.1590
204	0.0382
205	0.0399
206	0.2799
207	0.0584
208	0.5806
209	0.1743
21	0.0863
210	0.3774
211	0.2071
212	0.5082
213	0.5954
214	0.1516
215	0.0229
216	0.0022
217	0.1887
218	0.2424
219	0.0314
22	0.0016
220	0.1855
221	0.2610
222	0.3782
223	0.5292
224	0.1714
225	0.0852
23	0.1201
24	0.2660
25	0.4731
26	0.3153
27	0.3658
28	0.0018
29	0.4105
3	0.5715
30	0.1077
31	0.0009
32	0.0432
33	0.6389
34	0.3200
35	0.0311
36	0.0435
37	0.1500
38	0.0652
39	0.1209
4	0.5714
40	0.0385
41	0.8667
42	0.1299
43	0.4879
44	0.0024
45	0.1648
46	0.3632
47	0.3605
48	0.1976
49	0.0895
5	0.2723
50	0.0203
51	0.3919
52	0.2365
53	0.2682
54	0.1417
55	0.1776
56	0.1723
57	0.0822
58	0.1418
59	0.1892
6	0.1088
60	0.4162
61	0.2925
62	0.0227
63	0.0063
64	0.0250
65	0.1532
66	0.0619
67	0.3032
68	0.1556
69	0.0499
7	0.2722
70	0.1053
71	0.1051
72	0.0266
73	0.3244
74	0.1081
75	0.0374
76	0.3006
77	0.4917
78	0.7222
79	0.0463
8	0.1456
80	0.0066
81	0.3667
82	0.5698
83	0.0755
84	0.3053
85	0.0527
86	0.5000
87	0.0094
88	0.6208
89	0.2854
9	0.7000
90	0.2354
91	0.4550
92	0.4477
93	0.5000
94	0.6048
95	0.5000
96	0.4751
97	0.1757
98	0.0224
99	0.0989
all	0.2661
