1	0.2000
10	0.3828
12	0.0156
13	1.0000
14	0.0080
15	0.7029
16	0.8333
17	0.0525
18	0.4945
19	0.0683
2	1.0000
20	0.4581
21	0.0691
23	0.1912
24	0.8529
25	0.0055
26	0.1162
27	0.0242
28	0.4046
29	0.2690
3	0.8125
30	0.2852
31	0.3689
32	0.0603
33	0.2009
35	0.2144
4	0.0202
6	0.2817
7	0.3269
8	0.1072
9	0.4048
all	0.3301
1	0.1429
10	0.3304
12	0.0551
13	1.0000
14	0.2084
15	0.6063
16	0.8333
17	0.0541
18	0.5075
19	0.0858
2	0.1111
20	0.2901
21	0.0683
23	0.2009
24	0.9029
25	0.0114
26	0.0706
27	0.0215
28	0.3731
29	0.2925
3	0.7214
30	0.3371
31	0.3641
32	0.0663
33	0.1930
35	0.2178
4	0.0210
6	0.2706
7	0.3814
8	0.1431
9	0.4075
all	0.2997
1	0.0010
10	0.3362
12	0.0254
13	1.0000
14	0.2492
15	0.6236
16	0.5000
17	0.0987
18	0.4693
19	0.0780
2	0.0417
20	0.2094
21	0.0854
23	0.2459
24	0.7862
25	0.0435
26	0.1167
27	0.0235
28	0.3451
29	0.2448
3	0.6576
30	0.3106
31	0.3656
32	0.0478
33	0.2304
35	0.2041
4	0.0192
6	0.2805
7	0.3236
8	0.1742
9	0.2718
all	0.2713
1	0.0909
10	0.3421
12	0.0535
13	1.0000
14	0.1905
15	0.6608
16	0.8333
17	0.0491
18	0.4843
19	0.0685
2	0.0500
20	0.2316
21	0.0716
23	0.1872
24	0.9029
25	0.0101
26	0.1321
27	0.0258
28	0.3695
29	0.2828
3	0.7083
30	0.3919
31	0.3845
32	0.0620
33	0.1880
35	0.2147
4	0.0242
6	0.2756
7	0.3751
8	0.1193
9	0.4636
all	0.2982
1	0.1000
10	0.3457
12	0.0340
13	1.0000
14	0.1775
15	0.6795
16	0.8333
17	0.0541
18	0.4825
19	0.0603
2	0.0303
20	0.2062
21	0.0569
23	0.2066
24	0.6862
25	0.0094
26	0.1287
27	0.0238
28	0.3658
29	0.4327
3	0.7333
30	0.3759
31	0.3558
32	0.0405
33	0.1898
35	0.2065
4	0.0150
6	0.3425
7	0.3187
8	0.1229
9	0.4350
all	0.2919
1	0.3333
10	0.3301
12	0.0311
13	1.0000
14	0.2343
15	0.6877
16	0.8333
17	0.0797
18	0.5152
19	0.0850
2	0.0588
20	0.2989
21	0.0756
23	0.2012
24	0.8529
25	0.0103
26	0.0698
27	0.0260
28	0.3864
29	0.2902
3	0.8269
30	0.3595
31	0.3815
32	0.0588
33	0.1892
35	0.1178
4	0.0220
6	0.3203
7	0.3090
8	0.1241
9	0.3546
all	0.3053
1	0.0013
10	0.4163
12	0.0099
13	1.0000
14	0.1568
15	0.6370
16	0.7500
17	0.1072
18	0.3855
19	0.1106
2	0.0175
20	0.2633
21	0.0836
23	0.2669
24	0.6433
25	0.0455
26	0.0086
27	0.0115
28	0.3396
29	0.2616
3	0.7986
30	0.3487
31	0.2860
32	0.0505
33	0.1663
35	0.2065
4	0.0022
6	0.2529
7	0.3112
8	0.2020
9	0.1666
all	0.2680
