1	0.7735
10	0.2043
11	0.5512
12	0.6096
13	0.8807
14	0.6062
15	0.4842
16	0.6506
17	0.1059
18	0.4518
19	0.4827
2	0.5108
20	0.2228
21	0.1862
22	0.1527
23	0.4244
24	0.8502
25	0.8567
26	0.1616
27	0.4996
28	0.5959
29	0.5324
3	0.5203
30	0.3182
4	0.3639
5	0.7727
6	0.6427
7	0.6236
8	0.4456
9	0.4388
all	0.4973
1	0.6453
10	0.1146
11	0.5700
12	0.6142
13	0.8797
14	0.6168
15	0.4941
16	0.5886
17	0.1641
18	0.4689
19	0.5085
2	0.5161
20	0.1719
21	0.1794
22	0.1774
23	0.4244
24	0.8401
25	0.8716
26	0.1475
27	0.5611
28	0.6138
29	0.5316
3	0.5384
30	0.3585
4	0.3705
5	0.8152
6	0.7287
7	0.6130
8	0.4260
9	0.4110
all	0.4987
1	0.7520
10	0.1146
11	0.6405
12	0.5925
13	0.8398
14	0.5807
15	0.5049
16	0.6405
17	0.1536
18	0.4466
19	0.5091
2	0.4889
20	0.2068
21	0.2079
22	0.1336
23	0.4244
24	0.7945
25	0.8592
26	0.1437
27	0.5245
28	0.4982
29	0.5487
3	0.5546
30	0.3977
4	0.3199
5	0.7988
6	0.7400
7	0.5511
8	0.3998
9	0.4649
all	0.4944
1	0.8024
10	0.2043
11	0.5700
12	0.6078
13	0.8812
14	0.6162
15	0.4941
16	0.6052
17	0.1115
18	0.4299
19	0.4980
2	0.4898
20	0.1638
21	0.1776
22	0.1764
23	0.4244
24	0.8293
25	0.8574
26	0.1596
27	0.5569
28	0.6283
29	0.5443
3	0.5463
30	0.3844
4	0.3703
5	0.8124
6	0.7213
7	0.6454
8	0.4584
9	0.4105
all	0.5059
1	0.5935
10	0.2043
11	0.5587
12	0.6147
13	0.8729
14	0.6023
15	0.5091
16	0.6394
17	0.0917
18	0.4804
19	0.5103
2	0.5073
20	0.2060
21	0.1855
22	0.1843
23	0.7142
24	0.8598
25	0.8572
26	0.1538
27	0.4438
28	0.6220
29	0.5498
3	0.5188
30	0.3640
4	0.3745
5	0.8120
6	0.7007
7	0.6322
8	0.4999
9	0.4520
all	0.5105
1	0.6453
10	0.2206
11	0.5243
12	0.6018
13	0.7886
14	0.6222
15	0.5091
16	0.6484
17	0.1372
18	0.4739
19	0.5262
2	0.5666
20	0.2104
21	0.1625
22	0.1470
23	0.4244
24	0.8616
25	0.8574
26	0.1466
27	0.6340
28	0.5612
29	0.5198
3	0.4799
30	0.3399
4	0.3482
5	0.8785
6	0.6928
7	0.6441
8	0.4218
9	0.4087
all	0.5001
1	0.7302
10	0.0694
11	0.6245
12	0.6017
13	0.7319
14	0.5959
15	0.4958
16	0.6179
17	0.1159
18	0.4505
19	0.4930
2	0.5041
20	0.1874
21	0.2061
22	0.1303
23	0.4244
24	0.7993
25	0.8684
26	0.1972
27	0.4155
28	0.4518
29	0.5336
3	0.4681
30	0.3507
4	0.3361
5	0.7723
6	0.7325
7	0.5608
8	0.4125
9	0.5015
all	0.4793
