1	0.3119
10	0.1082
11	0.0556
12	0.3325
13	0.4074
14	0.3301
15	0.1955
16	0.1240
17	0.4147
18	0.2193
19	0.4986
2	0.0836
20	0.2720
21	0.5260
22	0.3754
23	0.2350
24	0.3280
25	0.2253
26	0.4661
27	0.3080
28	0.4089
29	0.2575
3	0.2300
30	0.2581
31	0.4132
32	0.6078
33	0.1398
34	0.1058
35	0.3658
36	0.0673
37	0.5058
38	0.3923
39	0.2322
4	0.1260
40	0.4417
41	0.3492
42	0.6240
43	0.6434
44	0.3190
45	0.3803
46	0.4826
47	0.4077
48	0.3135
49	0.5505
5	0.0000
50	0.0122
51	0.4287
52	0.3016
53	0.0273
54	0.0610
55	0.1265
56	0.2580
57	0.0881
58	0.1592
59	0.0057
6	0.3679
60	0.1266
61	0.3187
62	0.6146
63	0.4360
64	0.0589
65	0.3127
66	0.0645
67	0.0782
68	0.1537
69	0.2954
7	0.4347
70	0.1296
71	0.1836
72	0.5643
73	0.4273
74	0.2873
75	0.6485
76	0.4748
77	0.1500
78	0.1028
79	0.1586
8	0.5000
80	0.0771
81	0.2706
82	0.2193
83	0.2077
84	0.2533
85	0.0074
86	0.1064
87	0.1223
88	0.1031
89	0.0698
9	0.5256
90	0.0832
91	0.3136
92	0.1955
93	0.2455
all	0.2752
1	0.3104
10	0.1272
11	0.0870
12	0.3220
13	0.3394
14	0.3348
15	0.2312
16	0.0738
17	0.4002
18	0.2269
19	0.5165
2	0.0842
20	0.2418
21	0.4956
22	0.3714
23	0.2575
24	0.2659
25	0.2095
26	0.3864
27	0.3025
28	0.4632
29	0.2661
3	0.2016
30	0.2972
31	0.3749
32	0.6292
33	0.1781
34	0.2412
35	0.2955
36	0.0818
37	0.4866
38	0.4249
39	0.0658
4	0.3674
40	0.5380
41	0.1672
42	0.5976
43	0.5225
44	0.5894
45	0.2263
46	0.5323
47	0.3993
48	0.3135
49	0.5814
5	0.0002
50	0.0250
51	0.4264
52	0.2762
53	0.0318
54	0.1700
55	0.2206
56	0.2780
57	0.0880
58	0.1675
59	0.0060
6	0.3682
60	0.1722
61	0.1574
62	0.6146
63	0.4461
64	0.0594
65	0.5153
66	0.0344
67	0.0874
68	0.2271
69	0.3346
7	0.4974
70	0.2100
71	0.2295
72	0.5273
73	0.4745
74	0.2748
75	0.7652
76	0.4748
77	0.2215
78	0.1073
79	0.1347
8	0.5000
80	0.0064
81	0.1377
82	0.2177
83	0.2143
84	0.2835
85	0.0061
86	0.0852
87	0.0853
88	0.1082
89	0.0761
9	0.5286
90	0.1098
91	0.1580
92	0.1359
93	0.2489
all	0.2790
1	0.2297
10	0.1117
11	0.0925
12	0.2608
13	0.3308
14	0.3380
15	0.2276
16	0.0694
17	0.4385
18	0.2271
19	0.5204
2	0.0501
20	0.2111
21	0.4500
22	0.3733
23	0.1675
24	0.2431
25	0.2032
26	0.4310
27	0.2775
28	0.5286
29	0.2729
3	0.1992
30	0.1639
31	0.4023
32	0.6420
33	0.2352
34	0.2056
35	0.2674
36	0.1332
37	0.4641
38	0.4329
39	0.1111
4	0.1251
40	0.5476
41	0.1112
42	0.6114
43	0.4467
44	0.5631
45	0.0898
46	0.5004
47	0.3907
48	0.0544
49	0.3794
5	0.0003
50	0.0047
51	0.4121
52	0.1833
53	0.0286
54	0.1531
55	0.1394
56	0.2370
57	0.0640
58	0.1651
59	0.0076
6	0.2597
60	0.5028
61	0.1747
62	0.4768
63	0.4489
64	0.0438
65	0.3192
66	0.0271
67	0.1002
68	0.2340
69	0.3284
7	0.4855
70	0.2085
71	0.1719
72	0.5369
73	0.4680
74	0.2467
75	0.7558
76	0.3892
77	0.2435
78	0.1143
79	0.1315
8	1.0000
80	0.0071
81	0.2750
82	0.2581
83	0.2087
84	0.2825
85	0.0014
86	0.0877
87	0.1845
88	0.0492
89	0.0502
9	0.5185
90	0.1220
91	0.1665
92	0.1577
93	0.2661
all	0.2670
1	0.3110
10	0.1280
11	0.0644
12	0.3241
13	0.3341
14	0.3311
15	0.2312
16	0.0800
17	0.4101
18	0.2200
19	0.5134
2	0.0842
20	0.3049
21	0.5226
22	0.3939
23	0.2543
24	0.3042
25	0.2077
26	0.4338
27	0.2980
28	0.4228
29	0.2575
3	0.2179
30	0.3538
31	0.3853
32	0.5902
33	0.1469
34	0.0933
35	0.2979
36	0.0789
37	0.4885
38	0.4305
39	0.4153
4	0.3674
40	0.5254
41	0.1603
42	0.5925
43	0.5404
44	0.5575
45	0.2841
46	0.5400
47	0.4060
48	0.3148
49	0.5813
5	0.0000
50	0.0250
51	0.4267
52	0.2949
53	0.0304
54	0.1694
55	0.1691
56	0.2693
57	0.0882
58	0.1279
59	0.0059
6	0.2534
60	0.1701
61	0.2534
62	0.4704
63	0.4458
64	0.0587
65	0.5215
66	0.0344
67	0.0848
68	0.2486
69	0.3513
7	0.5169
70	0.1450
71	0.2930
72	0.5505
73	0.4867
74	0.2907
75	0.7652
76	0.2633
77	0.2103
78	0.0972
79	0.1199
8	0.5000
80	0.0107
81	0.2755
82	0.2199
83	0.2037
84	0.2526
85	0.0082
86	0.0879
87	0.2902
88	0.1034
89	0.0722
9	0.5294
90	0.0850
91	0.3028
92	0.1741
93	0.2357
all	0.2838
1	0.1663
10	0.1175
11	0.0671
12	0.2962
13	0.3864
14	0.3196
15	0.2321
16	0.1503
17	0.4388
18	0.2279
19	0.4863
2	0.0771
20	0.2822
21	0.5599
22	0.3587
23	0.2443
24	0.3581
25	0.2168
26	0.3950
27	0.3362
28	0.4228
29	0.2041
3	0.1966
30	0.3581
31	0.4912
32	0.5898
33	0.2160
34	0.1568
35	0.2573
36	0.0762
37	0.5042
38	0.4307
39	0.4148
4	0.3686
40	0.4954
41	0.3323
42	0.6440
43	0.4025
44	0.5876
45	0.2596
46	0.5231
47	0.3520
48	0.1344
49	0.5100
5	0.0000
50	0.0200
51	0.4186
52	0.2400
53	0.0269
54	0.0684
55	0.1283
56	0.2396
57	0.0851
58	0.0460
59	0.0025
6	0.3632
60	0.1266
61	0.3519
62	0.4346
63	0.4434
64	0.0648
65	0.3210
66	0.0311
67	0.0802
68	0.1513
69	0.2897
7	0.4614
70	0.1100
71	0.1861
72	0.5363
73	0.3997
74	0.2875
75	0.6498
76	0.4126
77	0.1426
78	0.0985
79	0.1256
8	1.0000
80	0.0457
81	0.2791
82	0.2502
83	0.1928
84	0.2549
85	0.0196
86	0.0762
87	0.1251
88	0.0986
89	0.0724
9	0.5227
90	0.0579
91	0.3015
92	0.1723
93	0.0991
all	0.2748
1	0.3110
10	0.1189
11	0.0578
12	0.3267
13	0.2610
14	0.3318
15	0.2159
16	0.0789
17	0.4338
18	0.2199
19	0.4833
2	0.1446
20	0.2492
21	0.5320
22	0.3891
23	0.2430
24	0.3285
25	0.2103
26	0.3757
27	0.2133
28	0.4717
29	0.2565
3	0.2878
30	0.2638
31	0.3580
32	0.6184
33	0.1687
34	0.1058
35	0.2984
36	0.0770
37	0.4453
38	0.4290
39	0.3461
4	0.3700
40	0.5077
41	0.3384
42	0.5639
43	0.5313
44	0.5575
45	0.2577
46	0.5040
47	0.2953
48	0.3148
49	0.5814
5	0.0000
50	0.0233
51	0.4245
52	0.2977
53	0.0427
54	0.1697
55	0.1400
56	0.2669
57	0.0853
58	0.1671
59	0.0060
6	0.3682
60	0.1739
61	0.3307
62	0.4701
63	0.4390
64	0.0549
65	0.5210
66	0.0338
67	0.1084
68	0.1717
69	0.3165
7	0.4974
70	0.1482
71	0.2290
72	0.5535
73	0.4663
74	0.2852
75	0.7535
76	0.4748
77	0.2106
78	0.1034
79	0.1176
8	0.5000
80	0.0053
81	0.1374
82	0.2155
83	0.1950
84	0.2521
85	0.0069
86	0.0994
87	0.3066
88	0.1084
89	0.0725
9	0.5370
90	0.0959
91	0.3253
92	0.1679
93	0.2717
all	0.2820
1	0.1152
10	0.1023
11	0.1871
12	0.2527
13	0.3164
14	0.2103
15	0.2214
16	0.0483
17	0.4598
18	0.1313
19	0.3945
2	0.0428
20	0.2115
21	0.4657
22	0.2703
23	0.1606
24	0.1640
25	0.1984
26	0.4319
27	0.3124
28	0.3876
29	0.3017
3	0.1788
30	0.1561
31	0.3282
32	0.5666
33	0.2496
34	0.2266
35	0.2191
36	0.0076
37	0.2576
38	0.3921
39	0.1546
4	0.2340
40	0.4979
41	0.1006
42	0.5311
43	0.2386
44	0.2938
45	0.1091
46	0.4361
47	0.2130
48	0.0261
49	0.3118
5	0.0004
50	0.0044
51	0.3416
52	0.0622
53	0.0213
54	0.2369
55	0.1908
56	0.1719
57	0.0373
58	0.1166
59	0.0089
6	0.2070
60	0.2096
61	0.0881
62	0.1099
63	0.4969
64	0.0490
65	0.3763
66	0.0302
67	0.0829
68	0.1864
69	0.2341
7	0.4342
70	0.0196
71	0.1981
72	0.3957
73	0.1936
74	0.3021
75	0.6164
76	0.3745
77	0.1959
78	0.1154
79	0.0904
8	1.0000
80	0.0073
81	0.2697
82	0.2503
83	0.2369
84	0.2628
85	0.0015
86	0.0758
87	0.1184
88	0.0529
89	0.0470
9	0.5196
90	0.0803
91	0.1586
92	0.1426
93	0.0664
all	0.2215
