1	0.5281
10	0.8556
11	0.6250
12	1.0000
13	0.5556
14	0.0769
15	0.5433
16	0.4250
17	0.7000
18	1.0000
19	0.7100
2	1.0000
20	0.0041
21	0.2250
22	0.2019
23	0.0000
24	1.0000
25	0.3333
26	0.0076
27	0.6111
28	0.1808
29	0.8333
3	0.1190
30	0.8556
31	0.5865
32	1.0000
33	1.0000
34	1.0000
35	1.0000
36	1.0000
37	0.0172
38	0.0141
39	0.7389
4	0.0333
40	0.9576
41	0.4602
42	0.0769
43	1.0000
44	0.6429
45	0.1619
46	0.8273
47	0.1568
48	1.0000
49	0.8816
5	0.0917
50	1.0000
51	0.3492
52	0.5046
53	1.0000
54	0.5029
55	0.6947
56	0.0035
57	0.3667
58	0.8784
59	0.5833
6	0.9361
60	0.3667
61	0.5974
62	1.0000
63	0.6127
64	1.0000
65	0.3333
66	0.6429
67	1.0000
68	0.2982
69	0.6461
7	0.0392
70	1.0000
71	0.3382
72	0.1111
73	0.2500
74	0.8333
75	0.0028
76	0.9429
77	0.3333
78	0.5175
79	0.3333
8	1.0000
80	0.4253
81	0.0533
82	0.6148
83	0.7000
9	0.9053
all	0.5633
1	0.5333
10	0.7861
11	1.0000
12	1.0000
13	0.5278
14	0.2000
15	0.5433
16	0.4667
17	0.7500
18	1.0000
19	0.6087
2	0.7500
20	0.0061
21	0.2500
22	0.2193
23	0.0000
24	1.0000
25	1.0000
26	0.0088
27	0.7000
28	0.3679
29	1.0000
3	0.0841
30	0.8314
31	0.3768
32	1.0000
33	1.0000
34	1.0000
35	1.0000
36	1.0000
37	0.0198
38	0.0154
39	0.7631
4	0.0291
40	0.9675
41	0.3704
42	0.0769
43	1.0000
44	0.6667
45	0.1495
46	0.8415
47	0.1669
48	1.0000
49	0.9030
5	0.0971
50	1.0000
51	0.6389
52	0.5050
53	1.0000
54	0.1695
55	0.7276
56	0.0034
57	0.4167
58	0.8886
59	0.5833
6	0.9722
60	0.4500
61	0.5945
62	1.0000
63	0.5694
64	1.0000
65	0.5000
66	0.5833
67	1.0000
68	0.3427
69	0.6514
7	0.0752
70	1.0000
71	0.3382
72	0.0909
73	0.3333
74	0.8333
75	0.0028
76	1.0000
77	0.5000
78	0.5105
79	1.0000
8	1.0000
80	0.4868
81	0.0160
82	0.5311
83	0.6429
9	0.9861
all	0.5906
1	0.6358
10	0.8000
11	1.0000
12	0.9821
13	0.5278
14	0.0833
15	0.5433
16	0.4778
17	0.7500
18	1.0000
19	0.6278
2	0.7500
20	0.0070
21	0.3929
22	0.3026
23	0.0000
24	1.0000
25	1.0000
26	0.0106
27	0.3889
28	0.3816
29	1.0000
3	0.0660
30	0.8667
31	0.3143
32	1.0000
33	1.0000
34	0.3333
35	1.0000
36	1.0000
37	0.0072
38	0.0042
39	0.7631
4	0.0295
40	0.9675
41	0.3348
42	0.0769
43	1.0000
44	0.6667
45	0.1701
46	0.8080
47	0.1607
48	1.0000
49	0.8712
5	0.1133
50	1.0000
51	0.6389
52	0.5055
53	1.0000
54	0.2530
55	0.6648
56	0.0034
57	0.4500
58	0.8931
59	0.8333
6	0.9889
60	0.4500
61	0.4996
62	1.0000
63	0.5509
64	1.0000
65	0.3333
66	0.5000
67	1.0000
68	0.3283
69	0.6477
7	0.1043
70	1.0000
71	0.3385
72	0.1250
73	0.2000
74	0.8333
75	0.0031
76	1.0000
77	1.0000
78	0.5109
79	0.3333
8	1.0000
80	0.4781
81	0.0162
82	0.3542
83	0.2255
9	0.9120
all	0.5686
1	0.5333
10	0.7861
11	1.0000
12	0.9821
13	0.5397
14	0.1000
15	0.5433
16	0.6806
17	0.7000
18	1.0000
19	0.6226
2	1.0000
20	0.0045
21	0.2361
22	0.2193
23	0.0000
24	1.0000
25	0.3333
26	0.0077
27	0.6667
28	0.3388
29	0.8333
3	0.0847
30	0.8625
31	0.3824
32	1.0000
33	1.0000
34	1.0000
35	1.0000
36	1.0000
37	0.0064
38	0.0064
39	0.7199
4	0.0310
40	0.9765
41	0.4829
42	0.0667
43	1.0000
44	0.6667
45	0.1657
46	0.8255
47	0.3052
48	1.0000
49	0.8712
5	0.0918
50	1.0000
51	0.6389
52	0.5051
53	1.0000
54	0.2529
55	0.7118
56	0.0033
57	0.4167
58	0.8784
59	0.5833
6	0.9460
60	0.4500
61	0.5875
62	1.0000
63	0.5660
64	1.0000
65	0.3333
66	0.5000
67	1.0000
68	0.3684
69	0.6412
7	0.0890
70	1.0000
71	0.3387
72	0.1250
73	0.2000
74	0.8333
75	0.0028
76	1.0000
77	0.3333
78	0.5095
79	0.3333
8	1.0000
80	0.4768
81	0.0159
82	0.5068
83	0.6667
9	0.9062
all	0.5710
1	0.5333
10	0.7861
11	1.0000
12	1.0000
13	0.5556
14	0.0714
15	0.5433
16	0.8056
17	0.7000
18	1.0000
19	0.6226
2	1.0000
20	0.0045
21	0.2361
22	0.1256
23	0.0000
24	0.5000
25	0.3333
26	0.0075
27	0.6429
28	0.3878
29	0.8333
3	0.0572
30	0.8667
31	0.3767
32	1.0000
33	1.0000
34	1.0000
35	1.0000
36	1.0000
37	0.0184
38	0.0060
39	0.7807
4	0.0496
40	0.9535
41	0.4450
42	0.0625
43	1.0000
44	0.6667
45	0.1477
46	0.8081
47	0.3035
48	1.0000
49	0.9030
5	0.1066
50	0.3333
51	0.4242
52	0.5045
53	1.0000
54	0.1695
55	0.6737
56	0.0033
57	0.4500
58	0.8742
59	0.5833
6	0.8969
60	0.4500
61	0.5582
62	1.0000
63	0.5862
64	1.0000
65	0.5000
66	0.7000
67	1.0000
68	0.2668
69	0.6484
7	0.0441
70	1.0000
71	0.3382
72	0.1250
73	0.3333
74	0.5833
75	0.0028
76	1.0000
77	0.3333
78	0.5182
79	0.5000
8	1.0000
80	0.4286
81	0.0167
82	0.5299
83	0.6667
9	0.9861
all	0.5575
1	0.5237
10	0.8000
11	1.0000
12	1.0000
13	0.5917
14	0.1000
15	0.5433
16	0.6333
17	0.7000
18	1.0000
19	0.6544
2	1.0000
20	0.0044
21	0.3333
22	0.1500
23	0.0000
24	0.5000
25	0.3333
26	0.0082
27	0.3304
28	0.3588
29	1.0000
3	0.0843
30	0.8188
31	0.5092
32	1.0000
33	1.0000
34	1.0000
35	1.0000
36	1.0000
37	0.0234
38	0.0062
39	0.7630
4	0.0368
40	0.9500
41	0.4556
42	0.0714
43	1.0000
44	0.6429
45	0.1526
46	0.8255
47	0.2348
48	1.0000
49	0.8792
5	0.0919
50	1.0000
51	0.6389
52	0.5049
53	1.0000
54	0.2528
55	0.7321
56	0.0034
57	0.4167
58	0.8784
59	0.5833
6	0.9361
60	0.4500
61	0.6231
62	1.0000
63	0.5695
64	1.0000
65	0.5000
66	0.5833
67	1.0000
68	0.3429
69	0.6622
7	0.1055
70	1.0000
71	0.3387
72	0.2000
73	0.3333
74	1.0000
75	0.0028
76	1.0000
77	0.3333
78	0.5192
79	0.5000
8	1.0000
80	0.4694
81	0.0159
82	0.4977
83	0.6429
9	0.9861
all	0.5751
1	0.6679
10	0.8000
11	1.0000
12	0.9617
13	0.5055
14	0.0625
15	0.5433
16	0.8333
17	0.7500
18	1.0000
19	0.6278
2	1.0000
20	0.0111
21	0.2667
22	0.3026
23	0.0000
24	1.0000
25	0.5000
26	0.0061
27	0.4444
28	0.4640
29	1.0000
3	0.0670
30	0.7352
31	0.3241
32	1.0000
33	1.0000
34	1.0000
35	1.0000
36	1.0000
37	0.0076
38	0.0046
39	0.7712
4	0.0299
40	0.8809
41	0.2872
42	0.0909
43	1.0000
44	0.6429
45	0.1862
46	0.8095
47	0.1924
48	1.0000
49	0.8712
5	0.1151
50	1.0000
51	0.6389
52	0.5062
53	1.0000
54	0.2531
55	0.6654
56	0.0035
57	0.4167
58	0.7976
59	0.4500
6	0.8894
60	0.4500
61	0.4596
62	1.0000
63	0.5768
64	1.0000
65	0.5000
66	0.5000
67	1.0000
68	0.3106
69	0.6592
7	0.0651
70	1.0000
71	0.3384
72	0.1250
73	0.2000
74	0.8333
75	0.0031
76	0.9667
77	1.0000
78	0.5096
79	0.3333
8	1.0000
80	0.4739
81	0.0134
82	0.3823
83	0.2955
9	0.9120
all	0.5698
