stemmer qid ndcg maxLength
paiceHusk 251 0.516045 2000000
paiceHusk 252 0.666447 2000000
paiceHusk 253 0.460943 2000000
paiceHusk 254 0.291661 2000000
paiceHusk 255 0.059541 2000000
paiceHusk 256 0.000000 2000000
paiceHusk 257 0.424578 2000000
paiceHusk 258 0.385298 2000000
paiceHusk 259 0.797049 2000000
paiceHusk 260 0.000000 2000000
paiceHusk 261 0.409955 2000000
paiceHusk 262 0.824344 2000000
paiceHusk 263 0.000000 2000000
paiceHusk 264 0.409955 2000000
paiceHusk 265 0.000000 2000000
paiceHusk 266 0.977117 2000000
paiceHusk 267 0.187824 2000000
paiceHusk 268 0.758057 2000000
paiceHusk 269 0.000000 2000000
paiceHusk 270 0.294219 2000000
paiceHusk 271 0.649763 2000000
paiceHusk 272 0.240102 2000000
paiceHusk 273 0.000000 2000000
paiceHusk 274 0.000000 2000000
paiceHusk 275 0.071232 2000000
paiceHusk 276 0.000000 2000000
paiceHusk 277 0.000000 2000000
paiceHusk 278 0.074039 2000000
paiceHusk 279 0.788958 2000000
paiceHusk 280 0.000000 2000000
paiceHusk 281 0.089278 2000000
paiceHusk 282 0.916063 2000000
paiceHusk 283 0.935961 2000000
paiceHusk 284 0.998869 2000000
paiceHusk 285 0.863565 2000000
paiceHusk 286 0.649763 2000000
paiceHusk 287 0.324882 2000000
paiceHusk 288 0.560274 2000000
paiceHusk 289 0.000000 2000000
paiceHusk 290 0.300409 2000000
paiceHusk 291 0.000000 2000000
paiceHusk 292 0.917581 2000000
paiceHusk 293 0.765488 2000000
paiceHusk 294 0.148091 2000000
paiceHusk 295 0.944655 2000000
paiceHusk 296 0.986651 2000000
paiceHusk 297 0.805559 2000000
paiceHusk 298 0.000000 2000000
paiceHusk 299 0.429420 2000000
paiceHusk 300 0.000000 2000000
paiceHusk amean 0.398473 2000000
krovetz 251 0.442519 2000000
krovetz 252 0.986305 2000000
krovetz 253 0.460943 2000000
krovetz 254 0.291661 2000000
krovetz 255 0.059541 2000000
krovetz 256 0.950322 2000000
krovetz 257 0.427610 2000000
krovetz 258 0.273362 2000000
krovetz 259 0.824521 2000000
krovetz 260 0.302808 2000000
krovetz 261 0.409955 2000000
krovetz 262 0.805013 2000000
krovetz 263 0.000000 2000000
krovetz 264 0.195598 2000000
krovetz 265 0.000000 2000000
krovetz 266 0.977117 2000000
krovetz 267 0.000000 2000000
krovetz 268 0.649763 2000000
krovetz 269 0.000000 2000000
krovetz 270 0.302297 2000000
krovetz 271 0.251363 2000000
krovetz 272 0.232014 2000000
krovetz 273 0.000000 2000000
krovetz 274 0.000000 2000000
krovetz 275 0.071232 2000000
krovetz 276 0.349162 2000000
krovetz 277 0.000000 2000000
krovetz 278 0.074039 2000000
krovetz 279 0.788958 2000000
krovetz 280 0.000000 2000000
krovetz 281 0.089278 2000000
krovetz 282 0.916063 2000000
krovetz 283 0.935961 2000000
krovetz 284 0.998869 2000000
krovetz 285 0.863565 2000000
krovetz 286 0.649763 2000000
krovetz 287 0.649763 2000000
krovetz 288 0.567245 2000000
krovetz 289 0.000000 2000000
krovetz 290 0.300409 2000000
krovetz 291 0.000000 2000000
krovetz 292 0.949150 2000000
krovetz 293 0.000000 2000000
krovetz 294 0.148091 2000000
krovetz 295 0.965370 2000000
krovetz 296 0.986651 2000000
krovetz 297 0.805559 2000000
krovetz 298 0.000000 2000000
krovetz 299 0.429420 2000000
krovetz 300 0.000000 2000000
krovetz amean 0.407625 2000000
sStripping 251 0.000000 2000000
sStripping 252 0.986305 2000000
sStripping 253 0.328218 2000000
sStripping 254 0.291661 2000000
sStripping 255 0.059541 2000000
sStripping 256 0.653871 2000000
sStripping 257 0.427139 2000000
sStripping 258 0.385298 2000000
sStripping 259 0.799255 2000000
sStripping 260 0.303748 2000000
sStripping 261 0.409955 2000000
sStripping 262 0.324882 2000000
sStripping 263 0.187824 2000000
sStripping 264 0.204977 2000000
sStripping 265 0.000000 2000000
sStripping 266 0.977117 2000000
sStripping 267 0.195598 2000000
sStripping 268 0.765488 2000000
sStripping 269 0.000000 2000000
sStripping 270 0.302297 2000000
sStripping 271 0.251363 2000000
sStripping 272 0.206909 2000000
sStripping 273 0.000000 2000000
sStripping 274 0.000000 2000000
sStripping 275 0.089885 2000000
sStripping 276 0.324882 2000000
sStripping 277 0.000000 2000000
sStripping 278 0.074039 2000000
sStripping 279 0.568792 2000000
sStripping 280 0.195598 2000000
sStripping 281 0.089278 2000000
sStripping 282 0.916063 2000000
sStripping 283 0.985406 2000000
sStripping 284 0.998869 2000000
sStripping 285 0.863565 2000000
sStripping 286 0.649763 2000000
sStripping 287 0.649763 2000000
sStripping 288 0.567245 2000000
sStripping 289 0.000000 2000000
sStripping 290 0.300409 2000000
sStripping 291 0.000000 2000000
sStripping 292 0.977117 2000000
sStripping 293 0.324882 2000000
sStripping 294 0.046718 2000000
sStripping 295 0.967859 2000000
sStripping 296 0.985406 2000000
sStripping 297 0.805559 2000000
sStripping 298 0.000000 2000000
sStripping 299 0.429420 2000000
sStripping 300 0.000000 2000000
sStripping amean 0.397439 2000000
porter2 251 0.516045 2000000
porter2 252 0.986305 2000000
porter2 253 0.460943 2000000
porter2 254 0.302160 2000000
porter2 255 0.059541 2000000
porter2 256 0.950322 2000000
porter2 257 0.427610 2000000
porter2 258 0.299280 2000000
porter2 259 0.824521 2000000
porter2 260 0.302808 2000000
porter2 261 0.409955 2000000
porter2 262 0.799208 2000000
porter2 263 0.000000 2000000
porter2 264 0.195598 2000000
porter2 265 0.000000 2000000
porter2 266 0.977117 2000000
porter2 267 0.187824 2000000
porter2 268 0.649763 2000000
porter2 269 0.000000 2000000
porter2 270 0.294219 2000000
porter2 271 0.409955 2000000
porter2 272 0.240102 2000000
porter2 273 0.699561 2000000
porter2 274 0.000000 2000000
porter2 275 0.071232 2000000
porter2 276 0.572636 2000000
porter2 277 0.000000 2000000
porter2 278 0.074039 2000000
porter2 279 0.788958 2000000
porter2 280 0.000000 2000000
porter2 281 0.089278 2000000
porter2 282 0.916063 2000000
porter2 283 0.935961 2000000
porter2 284 0.998869 2000000
porter2 285 0.863565 2000000
porter2 286 0.649763 2000000
porter2 287 0.324882 2000000
porter2 288 0.560274 2000000
porter2 289 0.000000 2000000
porter2 290 0.300409 2000000
porter2 291 0.000000 2000000
porter2 292 0.948178 2000000
porter2 293 0.333939 2000000
porter2 294 0.148091 2000000
porter2 295 0.965370 2000000
porter2 296 0.986651 2000000
porter2 297 0.805559 2000000
porter2 298 0.528188 2000000
porter2 299 0.429420 2000000
porter2 300 0.000000 2000000
porter2 amean 0.445683 2000000
lovins 251 0.367088 2000000
lovins 252 0.660858 2000000
lovins 253 0.460943 2000000
lovins 254 0.300001 2000000
lovins 255 0.059541 2000000
lovins 256 0.905985 2000000
lovins 257 0.414813 2000000
lovins 258 0.299280 2000000
lovins 259 0.541469 2000000
lovins 260 0.302808 2000000
lovins 261 0.324882 2000000
lovins 262 0.518249 2000000
lovins 263 0.000000 2000000
lovins 264 0.187824 2000000
lovins 265 0.000000 2000000
lovins 266 0.980192 2000000
lovins 267 0.187824 2000000
lovins 268 0.649763 2000000
lovins 269 0.000000 2000000
lovins 270 0.294219 2000000
lovins 271 0.649763 2000000
lovins 272 0.244476 2000000
lovins 273 0.699561 2000000
lovins 274 0.000000 2000000
lovins 275 0.000000 2000000
lovins 276 0.549874 2000000
lovins 277 0.000000 2000000
lovins 278 0.074039 2000000
lovins 279 0.788958 2000000
lovins 280 0.000000 2000000
lovins 281 0.089278 2000000
lovins 282 0.862877 2000000
lovins 283 0.935961 2000000
lovins 284 0.998869 2000000
lovins 285 0.870202 2000000
lovins 286 0.649763 2000000
lovins 287 0.324882 2000000
lovins 288 0.567245 2000000
lovins 289 0.000000 2000000
lovins 290 0.300409 2000000
lovins 291 0.000000 2000000
lovins 292 0.903640 2000000
lovins 293 0.339744 2000000
lovins 294 0.148091 2000000
lovins 295 0.965370 2000000
lovins 296 0.970941 2000000
lovins 297 0.805559 2000000
lovins 298 0.456763 2000000
lovins 299 0.429420 2000000
lovins 300 0.000000 2000000
lovins amean 0.421628 2000000
wikt 251 0.444462 2000000
wikt 252 0.989864 2000000
wikt 253 0.462043 2000000
wikt 254 0.455007 2000000
wikt 255 0.000000 2000000
wikt 256 0.948178 2000000
wikt 257 0.429784 2000000
wikt 258 0.299280 2000000
wikt 259 0.819507 2000000
wikt 260 0.195488 2000000
wikt 261 0.649763 2000000
wikt 262 0.574580 2000000
wikt 263 0.329249 2000000
wikt 264 0.525680 2000000
wikt 265 0.000000 2000000
wikt 266 0.908887 2000000
wikt 267 0.000000 2000000
wikt 268 0.649763 2000000
wikt 269 0.000000 2000000
wikt 270 0.365983 2000000
wikt 271 0.649763 2000000
wikt 272 0.226472 2000000
wikt 273 0.000000 2000000
wikt 274 0.105904 2000000
wikt 275 0.000000 2000000
wikt 276 0.388132 2000000
wikt 277 0.000000 2000000
wikt 278 0.074039 2000000
wikt 279 0.771350 2000000
wikt 280 0.231450 2000000
wikt 281 0.113374 2000000
wikt 282 0.644773 2000000
wikt 283 0.993884 2000000
wikt 284 0.999633 2000000
wikt 285 0.872283 2000000
wikt 286 0.649763 2000000
wikt 287 0.649763 2000000
wikt 288 0.518044 2000000
wikt 289 0.000000 2000000
wikt 290 0.373214 2000000
wikt 291 0.204813 2000000
wikt 292 0.970941 2000000
wikt 293 0.409955 2000000
wikt 294 0.057290 2000000
wikt 295 0.983752 2000000
wikt 296 0.986651 2000000
wikt 297 0.805559 2000000
wikt 298 0.000000 2000000
wikt 299 0.435769 2000000
wikt 300 0.000000 2000000
wikt amean 0.443282 2000000
none 251 0.324882 2000000
none 252 0.973573 2000000
none 253 0.328218 2000000
none 254 0.291661 2000000
none 255 0.000000 2000000
none 256 0.641646 2000000
none 257 0.427139 2000000
none 258 0.325836 2000000
none 259 0.799255 2000000
none 260 0.360462 2000000
none 261 0.409955 2000000
none 262 0.251363 2000000
none 263 0.187824 2000000
none 264 0.195598 2000000
none 265 0.000000 2000000
none 266 0.979606 2000000
none 267 0.187824 2000000
none 268 0.765488 2000000
none 269 0.000000 2000000
none 270 0.302297 2000000
none 271 0.000000 2000000
none 272 0.349776 2000000
none 273 0.000000 2000000
none 274 0.000000 2000000
none 275 0.071232 2000000
none 276 0.409955 2000000
none 277 0.000000 2000000
none 278 0.074039 2000000
none 279 0.568792 2000000
none 280 0.195598 2000000
none 281 0.089278 2000000
none 282 0.882163 2000000
none 283 0.985406 2000000
none 284 0.996940 2000000
none 285 0.726913 2000000
none 286 0.000000 2000000
none 287 0.324882 2000000
none 288 0.567245 2000000
none 289 0.000000 2000000
none 290 0.300409 2000000
none 291 0.000000 2000000
none 292 0.960411 2000000
none 293 0.324882 2000000
none 294 0.163205 2000000
none 295 0.956120 2000000
none 296 0.970941 2000000
none 297 0.805559 2000000
none 298 0.000000 2000000
none 299 0.429420 2000000
none 300 0.000000 2000000
none amean 0.378116 2000000
