stemmer qid ndcg maxLength
paiceHusk 251 0.000000 148
paiceHusk 252 0.659686 148
paiceHusk 253 0.210767 148
paiceHusk 254 0.258398 148
paiceHusk 255 0.000000 148
paiceHusk 256 0.195598 148
paiceHusk 257 0.460920 148
paiceHusk 258 0.395909 148
paiceHusk 259 0.811747 148
paiceHusk 260 0.000000 148
paiceHusk 261 0.000000 148
paiceHusk 262 0.231450 148
paiceHusk 263 0.875044 148
paiceHusk 264 0.000000 148
paiceHusk 265 0.000000 148
paiceHusk 266 0.409955 148
paiceHusk 267 0.000000 148
paiceHusk 268 0.507754 148
paiceHusk 269 0.000000 148
paiceHusk 270 0.049149 148
paiceHusk 271 0.409955 148
paiceHusk 272 0.000000 148
paiceHusk 273 0.000000 148
paiceHusk 274 0.000000 148
paiceHusk 275 0.055113 148
paiceHusk 276 0.324882 148
paiceHusk 277 0.000000 148
paiceHusk 278 0.000000 148
paiceHusk 279 0.039769 148
paiceHusk 280 0.325362 148
paiceHusk 281 0.069803 148
paiceHusk 282 0.789682 148
paiceHusk 283 0.935961 148
paiceHusk 284 0.642355 148
paiceHusk 285 0.487322 148
paiceHusk 286 0.000000 148
paiceHusk 287 0.000000 148
paiceHusk 288 0.164363 148
paiceHusk 289 0.000000 148
paiceHusk 290 0.338783 148
paiceHusk 291 0.379191 148
paiceHusk 292 0.649763 148
paiceHusk 293 0.000000 148
paiceHusk 294 0.000000 148
paiceHusk 295 0.970941 148
paiceHusk 296 0.195598 148
paiceHusk 297 0.510483 148
paiceHusk 298 0.000000 148
paiceHusk 299 0.125715 148
paiceHusk 300 0.000000 148
paiceHusk amean 0.249628 148
krovetz 251 0.000000 148
krovetz 252 0.963034 148
krovetz 253 0.210767 148
krovetz 254 0.258398 148
krovetz 255 0.000000 148
krovetz 256 0.231450 148
krovetz 257 0.388432 148
krovetz 258 0.395909 148
krovetz 259 0.570081 148
krovetz 260 0.000000 148
krovetz 261 0.000000 148
krovetz 262 0.216588 148
krovetz 263 0.875044 148
krovetz 264 0.000000 148
krovetz 265 0.000000 148
krovetz 266 0.409955 148
krovetz 267 0.000000 148
krovetz 268 0.324882 148
krovetz 269 0.000000 148
krovetz 270 0.049149 148
krovetz 271 0.000000 148
krovetz 272 0.000000 148
krovetz 273 0.000000 148
krovetz 274 0.000000 148
krovetz 275 0.055113 148
krovetz 276 0.382326 148
krovetz 277 0.000000 148
krovetz 278 0.000000 148
krovetz 279 0.039769 148
krovetz 280 0.367088 148
krovetz 281 0.062943 148
krovetz 282 0.854740 148
krovetz 283 0.935961 148
krovetz 284 0.635236 148
krovetz 285 0.327450 148
krovetz 286 0.000000 148
krovetz 287 0.000000 148
krovetz 288 0.164363 148
krovetz 289 0.000000 148
krovetz 290 0.337185 148
krovetz 291 0.343544 148
krovetz 292 0.743675 148
krovetz 293 0.000000 148
krovetz 294 0.000000 148
krovetz 295 0.964892 148
krovetz 296 0.000000 148
krovetz 297 0.510483 148
krovetz 298 0.000000 148
krovetz 299 0.211145 148
krovetz 300 0.000000 148
krovetz amean 0.236592 148
sStripping 251 0.000000 148
sStripping 252 0.963034 148
sStripping 253 0.185385 148
sStripping 254 0.258398 148
sStripping 255 0.000000 148
sStripping 256 0.000000 148
sStripping 257 0.460920 148
sStripping 258 0.395909 148
sStripping 259 0.823486 148
sStripping 260 0.039232 148
sStripping 261 0.000000 148
sStripping 262 0.279838 148
sStripping 263 0.917581 148
sStripping 264 0.000000 148
sStripping 265 0.000000 148
sStripping 266 0.409955 148
sStripping 267 0.000000 148
sStripping 268 0.525680 148
sStripping 269 0.000000 148
sStripping 270 0.049149 148
sStripping 271 0.000000 148
sStripping 272 0.000000 148
sStripping 273 0.000000 148
sStripping 274 0.000000 148
sStripping 275 0.061356 148
sStripping 276 0.324882 148
sStripping 277 0.000000 148
sStripping 278 0.000000 148
sStripping 279 0.042498 148
sStripping 280 0.216588 148
sStripping 281 0.062943 148
sStripping 282 0.789682 148
sStripping 283 0.960411 148
sStripping 284 0.917581 148
sStripping 285 0.487322 148
sStripping 286 0.000000 148
sStripping 287 0.000000 148
sStripping 288 0.164363 148
sStripping 289 0.000000 148
sStripping 290 0.338783 148
sStripping 291 0.375491 148
sStripping 292 0.743675 148
sStripping 293 0.000000 148
sStripping 294 0.089160 148
sStripping 295 0.970941 148
sStripping 296 0.000000 148
sStripping 297 0.498402 148
sStripping 298 0.000000 148
sStripping 299 0.207236 148
sStripping 300 0.000000 148
sStripping amean 0.251198 148
porter2 251 0.000000 148
porter2 252 0.963034 148
porter2 253 0.210767 148
porter2 254 0.224322 148
porter2 255 0.000000 148
porter2 256 0.187824 148
porter2 257 0.460920 148
porter2 258 0.395909 148
porter2 259 0.570081 148
porter2 260 0.037672 148
porter2 261 0.000000 148
porter2 262 0.216588 148
porter2 263 0.875044 148
porter2 264 0.000000 148
porter2 265 0.000000 148
porter2 266 0.409955 148
porter2 267 0.000000 148
porter2 268 0.279838 148
porter2 269 0.000000 148
porter2 270 0.049149 148
porter2 271 0.000000 148
porter2 272 0.000000 148
porter2 273 0.592515 148
porter2 274 0.000000 148
porter2 275 0.055113 148
porter2 276 0.279838 148
porter2 277 0.000000 148
porter2 278 0.000000 148
porter2 279 0.039769 148
porter2 280 0.405519 148
porter2 281 0.062943 148
porter2 282 0.854740 148
porter2 283 0.935961 148
porter2 284 0.527641 148
porter2 285 0.327450 148
porter2 286 0.000000 148
porter2 287 0.000000 148
porter2 288 0.164363 148
porter2 289 0.000000 148
porter2 290 0.351936 148
porter2 291 0.342711 148
porter2 292 0.649763 148
porter2 293 0.000000 148
porter2 294 0.000000 148
porter2 295 0.964892 148
porter2 296 0.000000 148
porter2 297 0.510483 148
porter2 298 0.000000 148
porter2 299 0.211145 148
porter2 300 0.000000 148
porter2 amean 0.243158 148
lovins 251 0.000000 148
lovins 252 0.659686 148
lovins 253 0.210767 148
lovins 254 0.224322 148
lovins 255 0.000000 148
lovins 256 0.187824 148
lovins 257 0.460920 148
lovins 258 0.395909 148
lovins 259 0.525215 148
lovins 260 0.037672 148
lovins 261 0.000000 148
lovins 262 0.000000 148
lovins 263 0.875044 148
lovins 264 0.000000 148
lovins 265 0.000000 148
lovins 266 0.409955 148
lovins 267 0.000000 148
lovins 268 0.377637 148
lovins 269 0.000000 148
lovins 270 0.049149 148
lovins 271 0.409955 148
lovins 272 0.000000 148
lovins 273 0.593167 148
lovins 274 0.000000 148
lovins 275 0.000000 148
lovins 276 0.251363 148
lovins 277 0.000000 148
lovins 278 0.000000 148
lovins 279 0.039769 148
lovins 280 0.444462 148
lovins 281 0.062295 148
lovins 282 0.775444 148
lovins 283 0.935961 148
lovins 284 0.875044 148
lovins 285 0.327450 148
lovins 286 0.000000 148
lovins 287 0.000000 148
lovins 288 0.164363 148
lovins 289 0.000000 148
lovins 290 0.353138 148
lovins 291 0.346472 148
lovins 292 0.649763 148
lovins 293 0.000000 148
lovins 294 0.000000 148
lovins 295 0.964892 148
lovins 296 0.279838 148
lovins 297 0.510483 148
lovins 298 0.000000 148
lovins 299 0.125715 148
lovins 300 0.000000 148
lovins amean 0.250474 148
wikt 251 0.000000 148
wikt 252 0.963034 148
wikt 253 0.210767 148
wikt 254 0.258398 148
wikt 255 0.000000 148
wikt 256 0.000000 148
wikt 257 0.460920 148
wikt 258 0.395909 148
wikt 259 0.572155 148
wikt 260 0.000000 148
wikt 261 0.000000 148
wikt 262 0.216588 148
wikt 263 0.875044 148
wikt 264 0.000000 148
wikt 265 0.000000 148
wikt 266 0.409955 148
wikt 267 0.000000 148
wikt 268 0.324882 148
wikt 269 0.000000 148
wikt 270 0.049149 148
wikt 271 0.409955 148
wikt 272 0.179671 148
wikt 273 0.000000 148
wikt 274 0.000000 148
wikt 275 0.000000 148
wikt 276 0.649763 148
wikt 277 0.000000 148
wikt 278 0.000000 148
wikt 279 0.039769 148
wikt 280 0.367088 148
wikt 281 0.062943 148
wikt 282 0.854740 148
wikt 283 0.935961 148
wikt 284 0.635236 148
wikt 285 0.327450 148
wikt 286 0.000000 148
wikt 287 0.000000 148
wikt 288 0.164363 148
wikt 289 0.000000 148
wikt 290 0.352481 148
wikt 291 0.343544 148
wikt 292 0.743675 148
wikt 293 0.000000 148
wikt 294 0.000000 148
wikt 295 0.964892 148
wikt 296 0.000000 148
wikt 297 0.510483 148
wikt 298 0.000000 148
wikt 299 0.207236 148
wikt 300 0.000000 148
wikt amean 0.249721 148
none 251 0.216588 148
none 252 0.961583 148
none 253 0.185385 148
none 254 0.258398 148
none 255 0.000000 148
none 256 0.000000 148
none 257 0.460920 148
none 258 0.395909 148
none 259 0.823486 148
none 260 0.041113 148
none 261 0.000000 148
none 262 0.279838 148
none 263 0.917581 148
none 264 0.000000 148
none 265 0.000000 148
none 266 0.649763 148
none 267 0.000000 148
none 268 0.549874 148
none 269 0.000000 148
none 270 0.049149 148
none 271 0.000000 148
none 272 0.187164 148
none 273 0.000000 148
none 274 0.000000 148
none 275 0.055113 148
none 276 0.324882 148
none 277 0.000000 148
none 278 0.000000 148
none 279 0.042498 148
none 280 0.251363 148
none 281 0.062943 148
none 282 0.854740 148
none 283 0.960411 148
none 284 0.535636 148
none 285 0.487322 148
none 286 0.000000 148
none 287 0.000000 148
none 288 0.164363 148
none 289 0.000000 148
none 290 0.351936 148
none 291 0.461429 148
none 292 0.409955 148
none 293 0.000000 148
none 294 0.143307 148
none 295 0.964892 148
none 296 0.231450 148
none 297 0.498402 148
none 298 0.000000 148
none 299 0.207236 148
none 300 0.000000 148
none amean 0.259693 148
