stemmer qid ndcg maxLength
paiceHusk 251 0.527641 2981
paiceHusk 252 0.953631 2981
paiceHusk 253 0.401475 2981
paiceHusk 254 0.480138 2981
paiceHusk 255 0.000000 2981
paiceHusk 256 0.000000 2981
paiceHusk 257 0.566174 2981
paiceHusk 258 0.458357 2981
paiceHusk 259 0.799255 2981
paiceHusk 260 0.000000 2981
paiceHusk 261 0.231450 2981
paiceHusk 262 0.454419 2981
paiceHusk 263 0.549874 2981
paiceHusk 264 0.339744 2981
paiceHusk 265 0.000000 2981
paiceHusk 266 0.959439 2981
paiceHusk 267 0.187824 2981
paiceHusk 268 0.752252 2981
paiceHusk 269 0.000000 2981
paiceHusk 270 0.334180 2981
paiceHusk 271 0.649763 2981
paiceHusk 272 0.241938 2981
paiceHusk 273 0.000000 2981
paiceHusk 274 0.000000 2981
paiceHusk 275 0.137373 2981
paiceHusk 276 0.444462 2981
paiceHusk 277 0.000000 2981
paiceHusk 278 0.069285 2981
paiceHusk 279 0.353789 2981
paiceHusk 280 0.440607 2981
paiceHusk 281 0.113616 2981
paiceHusk 282 0.605682 2981
paiceHusk 283 0.993419 2981
paiceHusk 284 0.998869 2981
paiceHusk 285 0.879164 2981
paiceHusk 286 0.649763 2981
paiceHusk 287 0.649763 2981
paiceHusk 288 0.517849 2981
paiceHusk 289 0.000000 2981
paiceHusk 290 0.374840 2981
paiceHusk 291 0.000000 2981
paiceHusk 292 0.932365 2981
paiceHusk 293 0.518249 2981
paiceHusk 294 0.052751 2981
paiceHusk 295 0.946512 2981
paiceHusk 296 0.970941 2981
paiceHusk 297 0.768992 2981
paiceHusk 298 0.000000 2981
paiceHusk 299 0.276604 2981
paiceHusk 300 0.000000 2981
paiceHusk amean 0.411649 2981
krovetz 251 0.504710 2981
krovetz 252 0.985476 2981
krovetz 253 0.460943 2981
krovetz 254 0.453222 2981
krovetz 255 0.000000 2981
krovetz 256 0.963034 2981
krovetz 257 0.516654 2981
krovetz 258 0.273362 2981
krovetz 259 0.828700 2981
krovetz 260 0.363034 2981
krovetz 261 0.409955 2981
krovetz 262 0.572636 2981
krovetz 263 0.590626 2981
krovetz 264 0.279838 2981
krovetz 265 0.000000 2981
krovetz 266 0.964892 2981
krovetz 267 0.000000 2981
krovetz 268 0.649763 2981
krovetz 269 0.000000 2981
krovetz 270 0.298660 2981
krovetz 271 0.279838 2981
krovetz 272 0.240080 2981
krovetz 273 0.000000 2981
krovetz 274 0.042701 2981
krovetz 275 0.089885 2981
krovetz 276 0.324882 2981
krovetz 277 0.000000 2981
krovetz 278 0.074039 2981
krovetz 279 0.446872 2981
krovetz 280 0.433175 2981
krovetz 281 0.152158 2981
krovetz 282 0.462854 2981
krovetz 283 0.984834 2981
krovetz 284 0.999633 2981
krovetz 285 0.909665 2981
krovetz 286 0.649763 2981
krovetz 287 0.649763 2981
krovetz 288 0.574005 2981
krovetz 289 0.000000 2981
krovetz 290 0.373214 2981
krovetz 291 0.000000 2981
krovetz 292 0.872605 2981
krovetz 293 0.279838 2981
krovetz 294 0.074046 2981
krovetz 295 0.967859 2981
krovetz 296 0.970941 2981
krovetz 297 0.745453 2981
krovetz 298 0.000000 2981
krovetz 299 0.246886 2981
krovetz 300 0.000000 2981
krovetz amean 0.419210 2981
sStripping 251 0.000000 2981
sStripping 252 0.987323 2981
sStripping 253 0.328218 2981
sStripping 254 0.453222 2981
sStripping 255 0.059541 2981
sStripping 256 0.924631 2981
sStripping 257 0.516991 2981
sStripping 258 0.385298 2981
sStripping 259 0.799255 2981
sStripping 260 0.363034 2981
sStripping 261 0.649763 2981
sStripping 262 0.000000 2981
sStripping 263 0.565205 2981
sStripping 264 0.231450 2981
sStripping 265 0.000000 2981
sStripping 266 0.964892 2981
sStripping 267 0.195598 2981
sStripping 268 0.765488 2981
sStripping 269 0.000000 2981
sStripping 270 0.298660 2981
sStripping 271 0.231450 2981
sStripping 272 0.206687 2981
sStripping 273 0.000000 2981
sStripping 274 0.082008 2981
sStripping 275 0.089885 2981
sStripping 276 0.507754 2981
sStripping 277 0.000000 2981
sStripping 278 0.074039 2981
sStripping 279 0.417924 2981
sStripping 280 0.251363 2981
sStripping 281 0.148404 2981
sStripping 282 0.460509 2981
sStripping 283 0.986651 2981
sStripping 284 0.999633 2981
sStripping 285 0.910285 2981
sStripping 286 0.649763 2981
sStripping 287 0.649763 2981
sStripping 288 0.574005 2981
sStripping 289 0.000000 2981
sStripping 290 0.373214 2981
sStripping 291 0.000000 2981
sStripping 292 0.887429 2981
sStripping 293 0.000000 2981
sStripping 294 0.049364 2981
sStripping 295 0.982680 2981
sStripping 296 0.967381 2981
sStripping 297 0.745453 2981
sStripping 298 0.000000 2981
sStripping 299 0.269414 2981
sStripping 300 0.000000 2981
sStripping amean 0.400073 2981
porter2 251 0.630258 2981
porter2 252 0.985476 2981
porter2 253 0.460943 2981
porter2 254 0.446091 2981
porter2 255 0.000000 2981
porter2 256 0.960411 2981
porter2 257 0.516654 2981
porter2 258 0.299280 2981
porter2 259 0.828700 2981
porter2 260 0.363034 2981
porter2 261 0.409955 2981
porter2 262 0.572636 2981
porter2 263 0.565205 2981
porter2 264 0.279838 2981
porter2 265 0.000000 2981
porter2 266 0.964892 2981
porter2 267 0.187824 2981
porter2 268 0.747562 2981
porter2 269 0.000000 2981
porter2 270 0.298660 2981
porter2 271 0.649763 2981
porter2 272 0.187804 2981
porter2 273 0.713396 2981
porter2 274 0.105904 2981
porter2 275 0.089885 2981
porter2 276 0.752252 2981
porter2 277 0.000000 2981
porter2 278 0.074039 2981
porter2 279 0.446442 2981
porter2 280 0.231450 2981
porter2 281 0.152158 2981
porter2 282 0.462854 2981
porter2 283 0.984834 2981
porter2 284 0.999633 2981
porter2 285 0.909665 2981
porter2 286 0.649763 2981
porter2 287 0.649763 2981
porter2 288 0.568297 2981
porter2 289 0.000000 2981
porter2 290 0.373214 2981
porter2 291 0.000000 2981
porter2 292 0.632797 2981
porter2 293 0.279838 2981
porter2 294 0.074046 2981
porter2 295 0.967859 2981
porter2 296 0.970941 2981
porter2 297 0.745453 2981
porter2 298 0.879596 2981
porter2 299 0.246886 2981
porter2 300 0.000000 2981
porter2 amean 0.466319 2981
lovins 251 0.395563 2981
lovins 252 0.976631 2981
lovins 253 0.460943 2981
lovins 254 0.446091 2981
lovins 255 0.000000 2981
lovins 256 0.917581 2981
lovins 257 0.510548 2981
lovins 258 0.299280 2981
lovins 259 0.541469 2981
lovins 260 0.363034 2981
lovins 261 0.649763 2981
lovins 262 0.427370 2981
lovins 263 0.503867 2981
lovins 264 0.251363 2981
lovins 265 0.000000 2981
lovins 266 0.964892 2981
lovins 267 0.187824 2981
lovins 268 0.743675 2981
lovins 269 0.000000 2981
lovins 270 0.298660 2981
lovins 271 0.649763 2981
lovins 272 0.210585 2981
lovins 273 0.713396 2981
lovins 274 0.000000 2981
lovins 275 0.000000 2981
lovins 276 0.409955 2981
lovins 277 0.000000 2981
lovins 278 0.074039 2981
lovins 279 0.397720 2981
lovins 280 0.216588 2981
lovins 281 0.152158 2981
lovins 282 0.435087 2981
lovins 283 0.984834 2981
lovins 284 0.999603 2981
lovins 285 0.909665 2981
lovins 286 0.649763 2981
lovins 287 0.649763 2981
lovins 288 0.574005 2981
lovins 289 0.000000 2981
lovins 290 0.373214 2981
lovins 291 0.000000 2981
lovins 292 0.593943 2981
lovins 293 0.324882 2981
lovins 294 0.074046 2981
lovins 295 0.967859 2981
lovins 296 0.935961 2981
lovins 297 0.745453 2981
lovins 298 0.512444 2981
lovins 299 0.266936 2981
lovins 300 0.000000 2981
lovins amean 0.435204 2981
wikt 251 0.630258 2981
wikt 252 0.982986 2981
wikt 253 0.460943 2981
wikt 254 0.453222 2981
wikt 255 0.000000 2981
wikt 256 0.948178 2981
wikt 257 0.516991 2981
wikt 258 0.273362 2981
wikt 259 0.821492 2981
wikt 260 0.246678 2981
wikt 261 0.409955 2981
wikt 262 0.565205 2981
wikt 263 0.345274 2981
wikt 264 0.345274 2981
wikt 265 0.000000 2981
wikt 266 0.964892 2981
wikt 267 0.000000 2981
wikt 268 0.649763 2981
wikt 269 0.000000 2981
wikt 270 0.298660 2981
wikt 271 0.649763 2981
wikt 272 0.117989 2981
wikt 273 0.000000 2981
wikt 274 0.082008 2981
wikt 275 0.000000 2981
wikt 276 0.512444 2981
wikt 277 0.000000 2981
wikt 278 0.080409 2981
wikt 279 0.439925 2981
wikt 280 0.388132 2981
wikt 281 0.152158 2981
wikt 282 0.462854 2981
wikt 283 0.984834 2981
wikt 284 1.000000 2981
wikt 285 0.909665 2981
wikt 286 0.649763 2981
wikt 287 0.649763 2981
wikt 288 0.574005 2981
wikt 289 0.000000 2981
wikt 290 0.373214 2981
wikt 291 0.000000 2981
wikt 292 0.872605 2981
wikt 293 0.279838 2981
wikt 294 0.074046 2981
wikt 295 0.967859 2981
wikt 296 0.970941 2981
wikt 297 0.745453 2981
wikt 298 0.000000 2981
wikt 299 0.246886 2981
wikt 300 0.000000 2981
wikt amean 0.421954 2981
none 251 0.279838 2981
none 252 0.993818 2981
none 253 0.328218 2981
none 254 0.482841 2981
none 255 0.000000 2981
none 256 0.962061 2981
none 257 0.545897 2981
none 258 0.458357 2981
none 259 0.799255 2981
none 260 0.358469 2981
none 261 0.409955 2981
none 262 0.000000 2981
none 263 0.854740 2981
none 264 0.409955 2981
none 265 0.000000 2981
none 266 0.876001 2981
none 267 0.216588 2981
none 268 0.503867 2981
none 269 0.000000 2981
none 270 0.266431 2981
none 271 0.000000 2981
none 272 0.098902 2981
none 273 0.000000 2981
none 274 0.114406 2981
none 275 0.144998 2981
none 276 0.829591 2981
none 277 0.000000 2981
none 278 0.000000 2981
none 279 0.194583 2981
none 280 0.512444 2981
none 281 0.113714 2981
none 282 0.847544 2981
none 283 0.984477 2981
none 284 0.959323 2981
none 285 0.786415 2981
none 286 0.216588 2981
none 287 0.649763 2981
none 288 0.484564 2981
none 289 0.000000 2981
none 290 0.374840 2981
none 291 0.204813 2981
none 292 0.924700 2981
none 293 0.000000 2981
none 294 0.167330 2981
none 295 0.978429 2981
none 296 0.875044 2981
none 297 0.745453 2981
none 298 0.000000 2981
none 299 0.259032 2981
none 300 0.000000 2981
none amean 0.404265 2981
